7 0 7 0 5 2 3 1 4 7 6
7 1 6 1 5 2 3 0 4 7 6
8 1 7 5 0 2 3 1 4 7 6
8 2 6 1 5 2 3 4 0 7 6
8 3 5 1 5 2 3 6 4 7 0
8 2 6 5 2 0 3 1 4 7 6
8 3 5 5 2 3 0 1 4 7 6
8 4 4 5 2 3 6 1 4 7 0
9 3 6 6 5 2 3 1 4 7 0
9 2 7 3 5 2 0 1 4 7 6
9 4 5 1 0 2 3 5 4 7 6
9 2 7 5 4 2 3 1 0 7 6
9 3 6 1 0 2 3 4 5 7 6
9 3 6 3 5 2 6 1 4 7 0
9 5 4 1 2 0 3 5 4 7 6
9 4 5 1 2 0 3 4 5 7 6
9 6 3 1 2 3 0 5 4 7 6
9 5 4 1 2 3 0 4 5 7 6
9 7 2 1 2 3 6 5 4 7 0
9 6 3 1 2 3 6 4 5 7 0
10 3 7 4 5 2 3 1 0 7 6
10 4 6 1 5 2 0 3 4 7 6
10 3 7 1 5 2 3 4 7 0 6
9 4 5 1 5 2 3 4 7 6 0
10 4 6 1 5 2 0 6 4 7 3
10 4 6 1 5 2 3 6 4 0 7
10 3 7 5 2 7 3 1 4 0 6
9 4 5 5 2 7 3 1 4 6 0
10 5 5 5 2 6 3 1 4 7 0
10 5 5 0 2 3 5 1 4 7 6
10 3 7 3 5 0 2 1 4 7 6
10 5 5 1 4 2 3 5 0 7 6
10 3 7 5 4 2 3 0 1 7 6
10 5 5 1 5 2 6 3 4 7 0
10 6 4 1 2 3 5 0 4 7 6
10 4 6 3 0 5 2 1 4 7 6
10 4 6 0 4 2 3 5 1 7 6
10 5 5 0 3 5 2 1 4 7 6
10 6 4 1 3 5 2 0 4 7 6
11 4 7 5 7 2 3 1 4 0 6
10 5 5 5 7 2 3 1 4 6 0
11 4 7 5 1 2 3 0 4 7 6
11 5 6 1 5 0 3 4 2 7 6
11 5 6 5 2 4 3 1 0 7 6
11 6 5 5 2 3 1 0 4 7 6
11 5 6 5 2 3 6 1 4 0 7
11 6 5 5 2 3 6 0 4 7 1
11 4 7 6 5 2 0 1 4 7 3
11 4 7 6 5 2 3 1 4 0 7
11 5 6 3 5 2 7 1 4 0 6
10 6 4 3 5 2 7 1 4 6 0
11 5 6 0 1 2 3 5 4 7 6
11 3 8 5 4 2 3 1 7 0 6
10 4 6 5 4 2 3 1 7 6 0
11 4 7 0 1 2 3 4 5 7 6
11 4 7 3 5 2 6 1 4 0 7
11 6 5 1 2 7 3 5 4 0 6
11 8 3 1 2 6 3 5 4 7 0
11 5 6 1 2 7 3 4 5 0 6
11 7 4 1 2 6 3 4 5 7 0
11 8 3 1 2 3 4 0 5 7 6
11 4 7 4 0 2 3 1 5 7 6
11 4 7 4 5 2 3 0 1 7 6
11 5 6 1 5 0 2 3 4 7 6
11 4 7 1 5 0 3 4 7 2 6
11 5 6 1 5 2 0 4 7 6 3
11 5 6 1 5 0 2 6 4 7 3
11 5 6 1 5 0 3 6 4 2 7
11 4 7 5 2 7 3 1 0 4 6
11 5 6 5 2 7 0 1 4 6 3
11 4 7 3 5 7 2 1 4 0 6
10 5 5 3 5 7 2 1 4 6 0
11 5 6 5 4 2 3 6 1 7 0
11 7 4 1 2 3 5 4 0 7 6
11 8 3 1 2 3 5 6 4 7 0
11 5 6 4 0 2 3 5 1 7 6
11 8 3 1 3 5 2 6 4 7 0
11 6 5 1 5 3 0 4 2 7 6
11 7 4 0 2 3 1 5 4 7 6
11 7 4 0 2 3 6 5 4 7 1
11 7 4 1 2 7 3 5 4 6 0
11 6 5 1 2 7 3 4 5 6 0
11 9 2 1 2 3 4 5 0 7 6
11 5 6 4 2 0 3 1 5 7 6
11 6 5 1 0 5 2 3 4 7 6
11 5 6 1 5 3 0 4 7 2 6
11 5 6 1 0 5 3 4 7 2 6
11 6 5 1 0 5 2 6 4 7 3
11 6 5 1 0 5 3 6 4 2 7
11 6 5 5 2 0 7 1 4 6 3
11 6 5 4 2 0 3 5 1 7 6
11 7 4 1 5 3 6 4 2 7 0
11 6 5 4 2 3 0 1 5 7 6
11 6 5 1 5 3 6 4 7 2 0
11 7 4 4 2 3 0 5 1 7 6
11 7 4 4 2 3 6 1 5 7 0
11 8 3 4 2 3 6 5 1 7 0
12 5 7 0 5 2 3 4 1 7 6
12 6 6 1 5 0 3 6 4 7 2
12 6 6 5 2 3 7 1 4 0 6
11 7 4 5 2 3 7 1 4 6 0
12 7 5 0 2 3 6 1 4 7 5
12 5 7 6 5 2 3 0 4 7 1
12 5 7 3 5 2 1 0 4 7 6
12 5 7 5 4 0 3 1 2 7 6
12 5 7 0 4 2 3 1 5 7 6
12 6 6 1 4 2 3 0 5 7 6
12 5 7 3 5 2 6 0 4 7 1
12 8 4 1 2 4 3 5 0 7 6
12 7 5 1 2 5 3 4 0 7 6
12 7 5 0 2 3 1 4 5 7 6
12 8 4 1 2 3 6 5 4 0 7
12 7 5 1 2 3 6 4 5 0 7
12 8 4 1 2 3 6 0 5 7 4
12 4 8 4 5 2 3 1 7 0 6
11 5 6 4 5 2 3 1 7 6 0
12 7 5 1 5 2 7 3 4 0 6
11 8 3 1 5 2 7 3 4 6 0
12 6 6 1 5 2 3 0 7 6 4
12 7 5 1 5 2 7 6 4 0 3
12 5 7 1 5 2 3 6 0 4 7
12 6 6 5 2 7 3 0 4 6 1
12 6 6 5 2 6 0 1 4 7 3
12 6 6 2 0 3 5 1 4 7 6
12 8 4 6 2 3 5 1 4 7 0
12 6 6 3 5 6 2 1 4 7 0
12 6 6 1 4 2 3 5 7 0 6
12 6 6 1 5 2 6 3 4 0 7
12 5 7 3 4 5 2 1 0 7 6
12 7 5 6 4 2 3 5 1 7 0
12 6 6 3 4 2 0 5 1 7 6
12 8 4 6 3 5 2 1 4 7 0
12 7 5 2 3 5 0 1 4 7 6
12 7 5 1 3 5 2 4 0 7 6
12 9 3 1 3 5 0 2 4 7 6
12 5 7 5 7 0 3 1 4 2 6
12 6 6 5 7 2 0 1 4 6 3
12 5 7 5 1 2 3 4 0 7 6
12 6 6 5 1 2 3 6 4 7 0
12 6 6 1 0 5 3 4 2 7 6
12 6 6 5 2 4 3 0 1 7 6
12 7 5 5 2 3 1 4 0 7 6
12 8 4 5 2 3 1 6 4 7 0
12 6 6 5 2 3 6 1 0 4 7
12 7 5 5 2 3 6 4 0 7 1
12 5 7 6 5 0 2 1 4 7 3
12 5 7 6 5 0 3 1 4 2 7
12 6 6 3 5 0 7 1 4 2 6
12 4 8 5 4 0 3 1 7 2 6
12 5 7 5 4 2 0 1 7 6 3
12 5 7 4 1 2 3 0 5 7 6
12 5 7 3 5 0 6 1 4 2 7
12 7 5 1 2 7 3 5 0 4 6
12 6 6 1 2 7 3 4 0 5 6
12 10 2 1 2 3 4 6 5 7 0
12 6 6 4 5 2 3 6 1 7 0
12 6 6 1 5 7 2 3 4 0 6
11 7 4 1 5 7 2 3 4 6 0
12 6 6 1 5 0 2 4 7 6 3
12 6 6 1 5 7 2 6 4 0 3
12 8 4 1 5 3 2 6 4 7 0
12 6 6 1 5 3 0 6 4 2 7
11 7 4 1 5 3 7 6 4 2 0
12 5 7 5 2 7 3 0 1 4 6
12 6 6 3 5 7 0 1 4 6 2
12 6 6 4 1 2 3 5 0 7 6
12 6 6 1 7 5 3 4 0 2 6
12 7 5 5 0 2 7 1 4 6 3
12 9 3 0 2 3 4 5 1 7 6
12 7 5 1 5 3 0 6 4 7 2
12 7 5 1 0 5 3 6 4 7 2
12 8 4 1 2 3 6 0 4 7 5
12 6 6 5 4 3 0 1 2 7 6
12 6 6 1 4 2 3 0 5 7 6
12 9 3 1 2 3 6 5 0 7 4
12 8 4 1 5 2 7 6 4 3 0
12 6 6 1 5 2 3 0 6 4 7
12 7 5 1 4 2 3 5 7 6 0
12 7 5 3 4 2 6 5 1 7 0
12 8 4 2 3 5 6 1 4 7 0
12 10 2 1 3 5 6 2 4 7 0
12 7 5 0 2 4 3 5 1 7 6
12 6 6 6 0 5 2 1 4 7 3
12 6 6 6 0 5 3 1 4 2 7
12 7 5 3 0 5 7 1 4 2 6
12 5 7 5 4 3 0 1 7 2 6
12 6 6 3 0 5 6 1 4 2 7
12 7 5 1 0 5 2 4 7 6 3
12 7 5 1 5 7 2 6 4 3 0
12 6 6 0 2 7 3 5 1 4 6
12 7 5 3 5 0 7 1 4 6 2
12 7 5 1 7 5 3 0 4 2 6
12 7 5 5 4 3 6 1 2 7 0
12 8 4 0 3 5 7 1 4 2 6
12 6 6 5 4 3 6 1 7 2 0
12 7 5 0 3 5 6 1 4 2 7
12 8 4 3 0 5 7 1 4 6 2
12 9 3 1 3 5 7 0 4 2 6
12 8 4 1 3 5 6 0 4 2 7
12 9 3 0 3 5 7 1 4 6 2
12 10 2 1 3 5 7 0 4 6 2
12 12 0 1 3 5 7 2 4 6 0
