0 0 7 0 5 2 3 1 4 7 6
0 0 6 1 5 2 3 0 4 7 6
0 0 5 1 0 2 3 5 4 7 6
0 0 4 1 2 0 3 5 4 7 6
0 0 3 1 2 3 0 5 4 7 6
0 0 2 1 2 3 6 5 4 7 0
0 0 3 1 2 6 3 5 4 7 0
0 0 4 1 2 4 3 5 0 7 6
0 0 4 1 2 3 7 5 4 0 6
0 0 3 1 2 3 7 5 4 6 0
0 0 4 1 2 3 5 0 4 7 6
0 0 3 1 2 3 5 6 4 7 0
0 0 4 0 2 3 1 5 4 7 6
0 0 3 6 2 3 1 5 4 7 0
0 0 4 1 2 3 6 5 4 0 7
0 0 4 1 2 0 6 5 4 7 3
0 0 4 0 2 3 6 5 4 7 1
0 0 4 1 2 3 6 0 4 7 5
0 0 4 1 2 6 0 5 4 7 3
0 0 4 1 2 3 7 5 0 4 6
0 0 4 1 2 3 0 5 4 6 7
0 0 4 1 2 0 7 5 4 6 3
0 0 4 1 2 3 7 0 4 6 5
0 0 3 1 0 3 7 2 4 6 5
0 0 2 1 3 0 7 2 4 6 5
0 0 0 1 3 5 7 2 4 6 0
