5.0 0 5.0 2 3 7 0 1 6 4 5
6.0 1 5.0 2 3 7 5 1 6 4 0
6.0 1 5.0 2 3 0 7 1 6 4 5
6.5 2 4.5 2 3 4 7 1 6 0 5
7.0 2 5.0 2 3 7 5 1 6 0 4
7.0 2 5.0 2 0 3 7 1 6 4 5
7.0 3 4.0 2 3 4 7 1 6 5 0
7.5 3 4.5 2 3 4 7 1 0 6 5
8.0 3 5.0 2 3 7 4 1 6 0 5
8.0 4 4.0 2 3 5 7 1 6 4 0
8.0 3 5.0 2 3 0 5 1 6 7 4
8.0 3 5.0 2 3 7 5 1 0 6 4
8.0 3 5.0 2 6 3 7 1 0 4 5
8.0 3 5.0 0 2 3 7 1 6 4 5
8.0 4 4.0 2 3 4 0 1 6 5 7
8.5 4 4.5 2 3 0 5 1 6 4 7
8.5 4 4.5 2 3 6 7 1 0 4 5
8.5 4 4.5 2 3 7 4 1 6 5 0
8.5 4 4.5 2 3 5 0 1 6 7 4
8.5 4 4.5 1 2 3 7 0 6 4 5
9.0 2 7.0 0 3 7 2 1 6 4 5
9.0 4 5.0 2 0 4 7 1 3 6 5
9.0 4 5.0 2 3 4 7 0 1 6 5
9.0 4 5.0 2 3 0 4 1 6 7 5
9.0 4 5.0 2 3 7 4 1 0 6 5
9.0 5 4.0 2 3 5 0 1 6 4 7
9.0 5 4.0 2 3 5 7 1 6 0 4
9.0 4 5.0 2 0 3 5 1 6 7 4
9.0 4 5.0 2 6 3 7 1 4 0 5
9.0 5 4.0 2 3 0 4 1 6 5 7
9.0 5 4.0 2 3 4 5 1 6 0 7
9.0 5 4.0 2 3 5 4 1 6 7 0
9.5 4 5.5 2 0 7 5 1 3 6 4
9.5 4 5.5 2 3 7 5 0 1 6 4
9.5 4 5.5 2 6 3 7 0 1 4 5
9.5 5 4.5 2 0 3 5 1 6 4 7
9.5 5 4.5 2 3 6 7 1 4 0 5
9.5 3 6.5 1 3 7 2 0 6 4 5
9.5 5 4.5 2 6 3 7 1 4 5 0
10.0 5 5.0 2 3 4 0 1 6 7 5
10.0 5 5.0 2 3 7 0 1 6 5 4
10.0 5 5.0 2 4 3 7 1 6 0 5
10.0 6 4.0 2 3 4 5 1 6 7 0
10.0 5 5.0 2 0 6 7 1 3 4 5
10.0 5 5.0 2 3 6 7 0 1 4 5
10.0 5 5.0 1 2 3 7 6 0 4 5
10.0 6 4.0 1 2 3 7 5 6 4 0
10.0 5 5.0 2 4 0 7 1 3 6 5
10.0 5 5.0 0 2 4 7 1 3 6 5
10.0 5 5.0 2 0 3 4 1 6 7 5
10.0 6 4.0 2 3 5 7 1 0 6 4
10.0 5 5.0 0 2 3 5 1 6 7 4
10.0 6 4.0 2 3 5 4 1 6 0 7
10.0 6 4.0 2 0 3 4 1 6 5 7
10.0 6 4.0 2 3 4 5 1 0 6 7
10.0 6 4.0 2 3 6 7 1 4 5 0
10.5 3 7.5 2 3 7 1 0 6 4 5
10.5 3 7.5 2 3 7 5 0 6 4 1
10.5 5 5.5 2 0 4 7 1 6 3 5
10.5 5 5.5 2 1 3 7 0 6 4 5
10.5 6 4.5 2 3 0 7 1 4 6 5
10.5 6 4.5 0 3 4 7 1 2 6 5
10.5 3 7.5 3 0 7 2 1 6 4 5
10.5 5 5.5 0 3 4 7 2 1 6 5
10.5 6 4.5 2 3 4 7 5 1 6 0
10.5 5 5.5 2 0 7 4 1 3 6 5
10.5 5 5.5 2 3 7 4 0 1 6 5
10.5 5 5.5 2 6 0 7 1 4 3 5
10.5 5 5.5 0 2 7 5 1 3 6 4
10.5 6 4.5 0 2 3 5 1 6 4 7
10.5 6 4.5 1 3 7 0 2 6 4 5
10.5 6 4.5 2 6 3 0 1 4 5 7
10.5 6 4.5 2 4 3 7 1 6 5 0
10.5 6 4.5 1 2 4 7 0 3 6 5
10.5 6 4.5 1 2 3 5 0 6 7 4
11.0 4 7.0 0 3 7 5 1 6 4 2
11.0 5 6.0 2 0 7 5 1 6 3 4
11.0 6 5.0 2 3 0 7 1 6 5 4
11.0 6 5.0 0 3 7 5 1 2 6 4
11.0 6 5.0 2 6 0 7 1 3 4 5
11.0 6 5.0 0 6 3 7 1 2 4 5
11.0 6 5.0 5 2 3 7 1 6 4 0
11.0 5 6.0 2 6 3 5 1 0 7 4
11.0 5 6.0 2 7 0 5 1 3 6 4
11.0 5 6.0 0 3 7 5 2 1 6 4
11.0 5 6.0 0 6 3 7 2 1 4 5
11.0 4 7.0 1 3 7 2 6 0 4 5
11.0 5 6.0 1 3 7 2 5 6 4 0
11.0 6 5.0 2 4 3 7 1 0 6 5
11.0 6 5.0 0 2 6 7 1 3 4 5
11.0 6 5.0 1 2 3 7 6 4 0 5
11.0 7 4.0 1 2 3 0 5 6 4 7
11.0 7 4.0 1 2 3 7 5 6 0 4
11.0 6 5.0 2 4 6 7 1 3 0 5
11.0 6 5.0 2 4 7 0 1 3 6 5
11.0 6 5.0 0 2 3 4 1 6 7 5
11.0 7 4.0 2 3 5 4 1 0 6 7
11.0 7 4.0 0 2 3 4 1 6 5 7
11.0 7 4.0 2 3 6 0 1 4 5 7
11.0 4 7.0 0 3 7 1 2 6 4 5
11.0 6 5.0 0 1 3 7 2 6 4 5
11.0 7 4.0 1 3 4 7 0 2 6 5
11.0 6 5.0 1 2 7 5 0 3 6 4
11.0 7 4.0 1 2 3 5 0 6 4 7
11.5 5 6.5 2 3 4 7 0 6 5 1
11.5 6 5.5 2 3 6 5 1 0 7 4
11.5 7 4.5 0 3 6 7 1 2 4 5
11.5 7 4.5 1 0 3 7 2 6 4 5
11.5 7 4.5 2 0 3 7 1 4 6 5
11.5 6 5.5 2 6 3 5 1 0 4 7
11.5 6 5.5 2 4 0 7 1 6 3 5
11.5 6 5.5 0 3 6 7 2 1 4 5
11.5 6 5.5 1 0 3 7 6 2 4 5
11.5 7 4.5 2 0 5 7 1 3 6 4
11.5 7 4.5 2 3 5 7 0 1 6 4
11.5 7 4.5 2 0 4 5 1 3 6 7
11.5 7 4.5 2 3 4 5 0 1 6 7
11.5 6 5.5 2 6 4 7 1 0 3 5
11.5 6 5.5 0 2 4 7 1 6 3 5
11.5 7 4.5 2 3 7 0 1 4 6 5
11.5 4 7.5 3 6 7 2 1 0 4 5
11.5 7 4.5 2 3 4 0 5 1 6 7
11.5 6 5.5 0 2 7 4 1 3 6 5
11.5 6 5.5 2 0 6 7 1 4 3 5
11.5 6 5.5 2 6 7 0 1 4 3 5
11.5 7 4.5 1 3 7 5 2 6 4 0
11.5 7 4.5 1 3 0 7 2 6 4 5
11.5 7 4.5 2 4 3 0 1 6 5 7
11.5 5 6.5 1 3 7 5 0 6 4 2
11.5 7 4.5 1 3 7 5 0 2 6 4
11.5 7 4.5 1 6 3 7 0 2 4 5
11.5 6 5.5 2 7 5 0 1 3 6 4
11.5 7 4.5 1 2 6 7 0 3 4 5
11.5 7 4.5 1 2 3 7 6 4 5 0
11.5 7 4.5 2 4 6 7 1 3 5 0
11.5 7 4.5 1 2 3 4 0 6 7 5
11.5 8 3.5 1 2 3 4 0 6 5 7
12.0 6 6.0 0 3 4 7 1 6 5 2
12.0 6 6.0 2 0 7 4 1 6 3 5
12.0 6 6.0 2 3 0 5 1 7 6 4
12.0 6 6.0 6 2 3 7 1 0 4 5
12.0 5 7.0 7 2 3 0 1 6 4 5
12.0 6 6.0 0 3 4 2 1 6 5 7
12.0 7 5.0 2 3 6 5 1 0 4 7
12.0 5 7.0 5 3 7 2 1 6 4 0
12.0 7 5.0 0 3 7 4 1 2 6 5
12.0 6 6.0 2 3 7 5 4 1 6 0
12.0 6 6.0 2 6 3 7 5 1 4 0
12.0 8 4.0 2 4 5 7 1 3 6 0
12.0 6 6.0 2 6 3 4 1 0 7 5
12.0 7 5.0 2 6 3 4 1 0 5 7
12.0 4 8.0 2 3 7 1 6 0 4 5
12.0 5 7.0 2 3 7 1 5 6 4 0
12.0 4 8.0 0 3 7 5 2 6 4 1
12.0 4 8.0 2 3 7 5 6 0 4 1
12.0 6 6.0 2 1 3 7 6 0 4 5
12.0 7 5.0 2 1 3 7 5 6 4 0
12.0 7 5.0 3 0 4 7 1 2 6 5
12.0 4 8.0 3 7 0 2 1 6 4 5
12.0 6 6.0 3 0 4 7 2 1 6 5
12.0 8 4.0 1 3 4 7 2 0 6 5
12.0 7 5.0 2 3 4 7 5 1 0 6
12.0 6 6.0 2 7 0 4 1 3 6 5
12.0 6 6.0 0 3 7 4 2 1 6 5
12.0 7 5.0 2 3 7 4 5 1 6 0
12.0 7 5.0 5 2 7 0 1 3 6 4
12.0 7 5.0 2 6 0 3 1 4 5 7
12.0 7 5.0 1 2 4 7 3 0 6 5
12.0 8 4.0 1 2 4 7 5 3 6 0
12.0 7 5.0 1 2 3 5 6 0 7 4
12.0 8 4.0 1 2 3 5 4 6 7 0
12.0 6 6.0 2 6 7 5 1 0 3 4
12.0 6 6.0 0 2 7 5 1 6 3 4
12.0 7 5.0 2 0 3 7 1 6 5 4
12.0 7 5.0 2 6 7 0 1 3 4 5
12.0 7 5.0 5 2 3 0 1 6 4 7
12.0 7 5.0 5 2 3 7 1 6 0 4
12.0 5 7.0 1 3 7 2 6 4 0 5
12.0 6 6.0 1 3 7 2 5 6 0 4
12.0 8 4.0 1 2 3 7 5 0 6 4
12.0 7 5.0 2 4 6 7 1 0 3 5
12.0 7 5.0 2 4 7 5 1 3 6 0
12.0 8 4.0 1 3 6 7 0 2 4 5
12.0 7 5.0 1 2 4 7 0 6 3 5
12.0 7 5.0 1 2 7 4 0 3 6 5
12.0 8 4.0 1 3 4 7 2 6 0 5
12.0 9 3.0 1 2 3 4 5 6 7 0
