7 0 7 2 3 7 0 1 6 4 5
7 1 6 2 3 7 5 1 6 4 0
7 1 6 2 3 0 7 1 6 4 5
8 2 6 2 3 4 7 1 6 0 5
8 2 6 2 0 3 7 1 6 4 5
8 4 4 2 3 5 7 1 6 4 0
8 3 5 2 3 4 7 1 6 5 0
8 3 5 2 3 4 7 1 0 6 5
8 3 5 0 2 3 7 1 6 4 5
8 4 4 1 2 3 7 0 6 4 5
8 6 2 1 2 3 7 5 6 4 0
9 3 6 2 3 7 4 1 6 0 5
9 2 7 0 3 7 2 1 6 4 5
9 2 7 2 3 7 5 1 6 0 4
9 4 5 2 3 4 7 0 1 6 5
9 4 5 2 3 0 4 1 6 7 5
9 4 5 2 3 7 4 1 6 5 0
9 3 6 1 3 7 2 0 6 4 5
9 3 6 2 3 0 5 1 6 7 4
9 3 6 2 3 7 5 1 0 6 4
9 5 4 0 3 4 7 2 1 6 5
9 5 4 2 0 3 4 1 6 7 5
9 5 4 1 3 7 2 5 6 4 0
9 4 5 2 0 3 5 1 6 7 4
9 6 3 0 2 3 4 1 6 7 5
9 5 4 0 2 3 5 1 6 7 4
9 7 2 1 2 3 4 0 6 7 5
9 6 3 1 2 3 5 0 6 7 4
9 9 0 1 2 3 4 5 6 7 0
