0 0 5.0 2 3 7 0 1 6 4 5
0 0 5.0 2 3 7 5 1 6 4 0
0 0 4.5 2 3 0 5 1 6 4 7
0 0 4.0 2 3 4 5 1 6 0 7
0 0 4.0 2 3 5 0 1 6 4 7
0 0 4.0 2 3 4 5 1 6 7 0
0 0 4.0 2 3 4 5 1 0 6 7
0 0 4.0 2 3 4 0 1 6 5 7
0 0 4.0 2 3 5 7 1 6 4 0
0 0 4.0 2 3 5 4 1 6 0 7
0 0 4.0 2 3 0 5 1 4 6 7
0 0 3.5 2 3 5 0 1 4 6 7
0 0 3.5 2 3 5 7 1 4 6 0
0 0 4.0 0 3 4 5 1 2 6 7
0 0 3.5 1 3 4 5 0 2 6 7
0 0 3.5 1 3 4 5 2 0 6 7
0 0 3.5 1 3 4 0 5 2 6 7
0 0 3.5 1 3 4 5 2 6 0 7
0 0 3.5 1 3 0 5 2 4 6 7
0 0 3.0 1 3 5 0 2 4 6 7
0 0 3.0 1 3 5 7 2 4 6 0
