0 0 7.5 5 3 6 7 0 4 1 2
0 0 6.5 5 3 6 7 2 4 1 0
0 0 6.5 5 3 6 0 2 4 1 7
0 0 6.5 5 3 0 7 2 4 1 6
0 0 6.0 5 3 1 7 2 4 0 6
0 0 5.5 5 3 1 7 2 4 6 0
0 0 5.5 5 3 1 0 2 4 6 7
0 0 5.0 0 3 1 5 2 4 6 7
0 0 5.5 0 3 1 7 2 4 6 5
0 0 5.5 2 3 1 5 0 4 6 7
0 0 5.5 3 0 1 5 2 4 6 7
0 0 5.0 3 1 0 5 2 4 6 7
0 0 4.5 3 1 5 0 2 4 6 7
0 0 4.5 3 1 5 7 2 4 6 0
0 0 4.5 0 1 5 3 2 4 6 7
0 0 4.0 1 0 5 3 2 4 6 7
0 0 4.0 1 5 0 3 2 4 6 7
0 0 3.5 1 5 3 0 2 4 6 7
0 0 3.5 1 5 3 7 2 4 6 0
0 0 4.0 1 2 5 3 0 4 6 7
0 0 4.0 1 5 3 7 2 4 0 6
0 0 3.5 1 0 3 7 2 4 5 6
0 0 3.5 1 3 0 7 2 4 5 6
0 0 3.5 1 2 3 7 0 4 5 6
0 0 3.5 1 3 5 7 2 4 0 6
0 0 3.0 1 3 5 7 2 4 6 0
