6 0 6 1 5 4 3 0 6 2 7
7 2 5 1 5 4 3 7 6 2 0
8 1 7 0 5 4 3 1 6 2 7
8 1 7 1 5 4 3 6 0 2 7
8 3 5 1 0 4 3 5 6 2 7
9 3 6 1 5 4 0 3 6 2 7
9 3 6 1 5 4 0 7 6 2 3
9 3 6 1 5 4 3 7 6 0 2
9 2 7 5 0 4 3 1 6 2 7
9 2 7 1 0 4 3 6 5 2 7
9 2 7 1 5 4 3 6 2 0 7
8 3 5 1 5 4 3 6 2 7 0
9 4 5 1 4 0 3 5 6 2 7
9 4 5 1 5 4 7 3 6 2 0
9 4 5 1 5 0 4 3 6 2 7
9 4 5 1 5 0 4 7 6 2 3
9 5 4 1 4 3 0 5 6 2 7
9 6 3 1 4 3 7 5 6 2 0
10 4 6 7 5 4 3 1 6 2 0
10 3 7 3 5 4 0 1 6 2 7
10 4 6 1 5 0 3 6 4 2 7
10 4 6 1 6 4 3 5 0 2 7
10 4 6 0 1 4 3 5 6 2 7
10 6 4 1 2 4 3 5 6 0 7
9 7 2 1 2 4 3 5 6 7 0
10 4 6 1 5 0 3 7 6 4 2
10 4 6 1 5 4 3 7 0 6 2
10 3 7 5 4 0 3 1 6 2 7
10 3 7 1 4 0 3 6 5 2 7
10 3 7 1 5 0 3 6 2 4 7
10 4 6 1 5 4 0 6 2 7 3
10 5 5 1 4 2 3 5 6 0 7
9 6 3 1 4 2 3 5 6 7 0
10 5 5 1 5 2 4 3 6 0 7
9 6 3 1 5 2 4 3 6 7 0
10 5 5 1 0 5 4 3 6 2 7
10 5 5 1 5 2 4 7 6 0 3
10 5 5 1 0 5 4 7 6 2 3
10 7 3 1 5 3 4 7 6 2 0
10 4 6 3 5 4 7 1 6 2 0
10 4 6 3 5 0 4 1 6 2 7
10 5 5 1 0 5 3 6 4 2 7
10 5 5 1 5 3 0 7 6 4 2
10 4 6 5 4 3 0 1 6 2 7
10 4 6 1 4 3 0 6 5 2 7
10 4 6 1 5 3 0 6 2 4 7
10 4 6 1 0 5 3 6 2 4 7
10 5 5 1 5 0 4 6 2 7 3
10 6 4 1 5 2 4 7 6 3 0
10 6 4 1 5 3 2 7 6 4 0
10 5 5 5 4 3 7 1 6 2 0
10 5 5 1 4 3 7 6 5 2 0
10 5 5 1 5 3 7 6 2 4 0
11 5 6 1 5 0 3 7 6 2 4
11 3 8 5 6 4 3 1 0 2 7
11 5 6 5 2 4 3 1 6 0 7
10 6 4 5 2 4 3 1 6 7 0
11 3 8 0 1 4 3 6 5 2 7
11 5 6 1 2 4 3 6 5 0 7
10 6 4 1 2 4 3 6 5 7 0
11 5 6 1 5 4 3 0 2 7 6
11 7 4 1 4 7 3 5 6 2 0
11 5 6 1 5 4 7 3 6 0 2
11 7 4 1 5 7 4 3 6 2 0
11 7 4 1 4 3 7 5 6 0 2
11 5 6 1 5 2 3 6 4 0 7
11 5 6 1 5 3 0 6 4 2 7
10 6 4 1 5 3 7 6 4 2 0
11 5 6 1 6 4 3 5 2 0 7
10 6 4 1 6 4 3 5 2 7 0
11 7 4 1 2 0 3 5 6 4 7
11 8 3 1 2 4 0 5 6 7 3
11 5 6 1 0 5 3 7 6 4 2
11 5 6 1 0 4 3 7 5 6 2
11 5 6 1 5 4 3 0 7 6 2
11 4 7 5 4 2 3 1 6 0 7
10 5 5 5 4 2 3 1 6 7 0
11 4 7 1 4 2 3 6 5 0 7
10 5 5 1 4 2 3 6 5 7 0
11 7 4 1 4 2 0 5 6 7 3
11 5 6 3 5 2 4 1 6 0 7
10 6 4 3 5 2 4 1 6 7 0
11 5 6 3 0 5 4 1 6 2 7
11 5 6 1 2 5 3 6 0 4 7
11 6 5 1 0 5 4 6 2 7 3
11 8 3 1 5 3 4 6 2 7 0
11 6 5 1 5 4 7 3 0 6 2
11 6 5 1 5 2 3 6 4 7 0
11 8 3 1 2 3 0 5 6 4 7
11 9 2 1 2 0 4 5 6 7 3
11 7 4 1 5 4 3 2 7 6 0
11 6 5 1 2 5 3 6 4 0 7
11 6 5 1 2 5 3 0 6 4 7
11 7 4 1 2 5 4 6 0 7 3
11 9 2 1 2 3 7 5 6 4 0
11 7 4 1 2 5 3 6 4 7 0
11 8 3 1 2 5 4 0 6 7 3
12 5 7 0 5 4 3 7 6 2 1
12 4 8 6 5 4 3 1 0 2 7
12 4 8 0 5 4 3 6 1 2 7
12 6 6 1 5 4 2 3 6 0 7
11 7 4 1 5 4 2 3 6 7 0
12 5 7 0 5 4 1 3 6 2 7
12 6 6 1 5 4 2 7 6 0 3
12 6 6 1 5 4 7 0 6 2 3
12 5 7 0 5 4 1 7 6 2 3
12 6 6 1 5 4 0 7 6 3 2
12 6 6 1 0 4 3 7 6 5 2
12 5 7 5 1 4 3 0 6 2 7
12 5 7 1 6 4 3 0 5 2 7
12 5 7 1 5 4 0 6 2 3 7
11 6 5 1 5 4 7 6 2 3 0
12 5 7 1 0 4 3 6 2 5 7
12 6 6 1 5 0 3 6 2 7 4
12 8 4 1 4 3 2 5 6 0 7
11 9 2 1 4 3 2 5 6 7 0
12 7 5 0 4 3 1 5 6 2 7
12 5 7 7 5 4 0 1 6 2 3
12 5 7 7 5 4 3 1 6 0 2
12 7 5 1 5 7 3 6 4 2 0
12 7 5 7 1 4 3 5 6 2 0
12 6 6 3 1 4 0 5 6 2 7
12 7 5 1 2 4 3 5 0 6 7
12 7 5 1 5 2 3 7 6 4 0
12 7 5 1 5 0 3 7 4 6 2
12 6 6 5 4 7 3 1 6 2 0
12 6 6 1 4 7 3 6 5 2 0
12 6 6 1 4 5 3 6 0 2 7
12 6 6 1 5 7 3 6 2 4 0
12 6 6 1 4 2 3 5 0 6 7
12 6 6 1 5 2 4 3 0 6 7
12 7 5 1 5 2 0 3 6 7 4
12 8 4 1 5 2 4 0 6 7 3
12 6 6 1 6 5 4 3 0 2 7
12 6 6 0 1 5 4 3 6 2 7
12 8 4 1 2 5 4 3 6 0 7
11 9 2 1 2 5 4 3 6 7 0
12 6 6 1 5 2 4 7 0 6 3
12 6 6 1 6 5 4 7 0 2 3
12 6 6 0 1 5 4 7 6 2 3
12 8 4 1 2 5 4 7 6 0 3
12 8 4 1 5 3 4 7 6 0 2
12 5 7 3 5 4 7 1 6 0 2
12 7 5 3 5 7 4 1 6 2 0
12 6 6 0 1 5 3 6 4 2 7
12 6 6 0 4 3 5 1 6 2 7
12 5 7 0 1 5 3 6 2 4 7
12 6 6 1 5 7 4 6 2 0 3
12 7 5 1 5 3 2 7 6 0 4
12 6 6 5 4 3 7 1 6 0 2
12 6 6 1 4 3 7 6 5 0 2
12 6 6 1 5 3 7 6 2 0 4
12 6 6 1 5 2 3 7 6 0 4
12 6 6 1 0 5 3 7 6 2 4
12 4 8 5 6 4 3 1 2 0 7
11 5 6 5 6 4 3 1 2 7 0
12 4 8 5 6 4 3 0 1 2 7
12 6 6 5 2 0 3 1 6 4 7
12 7 5 5 2 4 0 1 6 7 3
12 4 8 6 1 4 3 0 5 2 7
12 6 6 1 2 0 3 6 5 4 7
12 6 6 1 2 4 3 6 0 5 7
12 7 5 1 2 4 0 6 5 7 3
12 6 6 1 5 4 3 2 0 7 6
12 6 6 1 5 0 7 3 6 4 2
12 7 5 1 5 3 7 6 4 0 2
12 6 6 1 6 0 3 5 2 4 7
12 7 5 1 6 4 0 5 2 7 3
12 6 6 1 6 5 3 7 0 4 2
12 6 6 1 4 0 3 7 5 6 2
12 5 7 5 4 2 3 1 0 6 7
12 6 6 5 4 2 0 1 6 7 3
12 5 7 1 4 2 3 6 0 5 7
12 6 6 1 4 2 0 6 5 7 3
12 8 4 1 4 0 2 5 6 7 3
12 6 6 0 3 5 4 1 6 2 7
12 7 5 1 0 4 7 3 5 6 2
12 7 5 1 5 4 7 0 3 6 2
12 12 0 1 2 3 4 5 6 7 0
