0 0 10.0 2 4 0 6 7 3 5 1
0 0 8.5 2 4 1 6 7 3 5 0
0 0 6.5 2 4 1 6 0 3 5 7
0 0 6.0 0 4 1 6 2 3 5 7
0 0 6.5 4 0 1 6 2 3 5 7
0 0 6.0 4 1 0 6 2 3 5 7
0 0 5.5 4 1 6 0 2 3 5 7
0 0 5.0 0 1 6 4 2 3 5 7
0 0 4.5 1 0 6 4 2 3 5 7
0 0 4.0 1 3 6 4 2 0 5 7
0 0 3.5 1 3 0 4 2 6 5 7
0 0 3.5 1 3 5 4 2 6 0 7
0 0 3.5 1 3 4 0 2 6 5 7
0 0 3.5 1 0 3 4 2 6 5 7
0 0 3.5 1 3 5 4 2 6 7 0
0 0 3.5 1 3 5 4 2 0 6 7
0 0 3.0 1 3 0 4 2 5 6 7
0 0 3.0 1 3 4 0 2 5 6 7
0 0 3.0 1 0 3 4 2 5 6 7
0 0 3.0 1 3 4 7 2 5 6 0
0 0 3.0 1 2 3 4 0 5 6 7
0 0 3.0 1 2 3 4 5 0 6 7
0 0 3.0 1 2 3 4 5 6 0 7
0 0 3.0 1 2 3 4 5 6 7 0
