0 0 7.5 3 5 6 1 2 0 7 4
0 0 7.0 3 5 0 1 2 6 7 4
0 0 6.5 3 5 1 0 2 6 7 4
0 0 6.0 3 5 1 4 2 6 7 0
0 0 6.0 3 5 1 7 2 6 0 4
0 0 6.0 3 5 1 4 2 6 0 7
0 0 5.5 3 0 1 4 2 6 5 7
0 0 5.0 3 1 0 4 2 6 5 7
0 0 5.0 0 3 1 4 2 6 5 7
0 0 5.0 3 1 5 4 2 6 0 7
0 0 5.0 3 1 4 0 2 6 5 7
0 0 5.0 3 1 5 4 2 6 7 0
0 0 5.0 3 1 5 4 2 0 6 7
0 0 4.5 3 1 0 4 2 5 6 7
0 0 4.5 0 1 5 4 2 3 6 7
0 0 4.0 1 0 5 4 2 3 6 7
0 0 3.5 1 3 5 4 2 0 6 7
0 0 3.0 1 3 0 4 2 5 6 7
0 0 3.0 1 3 4 0 2 5 6 7
0 0 3.0 1 0 3 4 2 5 6 7
0 0 3.0 1 3 4 7 2 5 6 0
0 0 3.0 1 2 3 4 0 5 6 7
0 0 3.0 1 2 3 4 5 0 6 7
0 0 3.0 1 2 3 4 5 6 0 7
0 0 3.0 1 2 3 4 5 6 7 0
