8 0 8 4 6 2 3 0 7 1 5
8 2 6 4 6 2 3 5 7 1 0
9 1 8 0 6 2 3 4 7 1 5
9 1 8 4 6 2 3 7 0 1 5
9 2 7 4 0 2 3 7 6 1 5
9 3 6 4 2 0 3 7 6 1 5
9 4 5 4 2 3 0 7 6 1 5
9 5 4 4 2 3 5 7 6 1 0
10 3 7 4 6 2 0 5 7 1 3
10 3 7 4 6 2 3 5 7 0 1
10 2 8 6 0 2 3 4 7 1 5
10 2 8 4 6 2 3 7 1 0 5
10 3 7 0 4 2 3 7 6 1 5
10 4 6 4 2 1 3 7 6 0 5
10 6 4 0 2 3 4 7 6 1 5
10 4 6 4 6 2 3 5 0 7 1
10 3 7 6 2 0 3 4 7 1 5
10 3 7 4 6 2 3 7 1 5 0
10 5 5 4 2 1 3 7 6 5 0
10 5 5 4 0 2 3 5 6 7 1
10 4 6 6 2 3 0 4 7 1 5
10 6 4 4 2 0 3 5 6 7 1
10 5 5 6 2 3 5 4 7 1 0
10 7 3 4 2 3 0 5 6 7 1
10 8 2 4 2 3 1 5 6 7 0
11 3 8 4 0 2 3 6 7 1 5
11 3 8 4 6 2 0 3 7 1 5
11 4 7 5 6 2 3 4 7 1 0
11 3 8 3 6 2 0 4 7 1 5
11 4 7 0 6 2 3 7 4 1 5
11 6 5 4 2 5 3 7 6 1 0
11 6 5 4 2 3 5 7 6 0 1
11 4 7 4 6 0 2 5 7 1 3
11 5 6 0 6 2 4 5 7 1 3
11 4 7 4 6 0 3 5 7 2 1
11 3 8 6 7 2 3 4 0 1 5
11 3 8 4 6 0 3 7 1 2 5
11 4 7 7 4 2 3 0 6 1 5
11 7 4 7 2 3 4 0 6 1 5
11 4 7 6 2 1 3 4 7 0 5
11 6 5 0 4 2 3 5 6 7 1
11 9 2 0 2 3 4 5 6 7 1
11 4 7 4 2 0 3 6 7 1 5
11 4 7 4 6 2 5 3 7 1 0
11 4 7 3 6 2 5 4 7 1 0
11 5 6 4 6 3 0 5 7 2 1
11 4 7 6 7 2 3 0 4 1 5
11 4 7 4 6 3 0 7 1 2 5
11 6 5 7 4 2 3 5 6 1 0
11 9 2 7 2 3 4 5 6 1 0
11 5 6 6 2 1 3 4 7 5 0
11 5 6 6 2 1 3 4 0 7 5
11 5 6 4 2 3 0 6 7 1 5
11 6 5 4 6 3 1 5 7 2 0
11 5 6 4 6 3 5 7 1 2 0
11 6 5 4 2 3 5 6 7 1 0
12 5 7 4 6 0 3 5 7 1 2
12 5 7 0 6 2 3 5 7 1 4
12 4 8 7 6 2 3 4 0 1 5
12 4 8 4 6 0 3 7 2 1 5
12 5 7 4 1 2 3 7 6 0 5
12 5 7 4 7 2 3 0 6 1 5
12 7 5 4 2 3 1 7 6 0 5
12 7 5 4 2 3 7 0 6 1 5
12 7 5 4 2 3 5 0 6 1 7
12 5 7 4 0 2 3 7 1 6 5
12 6 6 5 4 2 3 7 6 1 0
12 5 7 3 4 2 0 7 6 1 5
12 5 7 4 2 1 3 7 0 6 5
12 7 5 2 0 3 4 7 6 1 5
12 9 3 5 2 3 4 7 6 1 0
12 5 7 4 6 2 3 0 5 7 1
12 6 6 6 2 5 3 4 7 1 0
12 4 8 4 6 2 0 7 1 5 3
12 6 6 4 2 1 0 7 6 5 3
12 7 5 6 2 3 4 0 7 1 5
12 6 6 0 2 3 6 4 7 1 5
12 7 5 4 2 7 3 5 6 0 1
12 9 3 4 2 1 3 5 6 7 0
12 6 6 6 2 3 5 4 7 0 1
12 4 8 4 7 2 3 6 0 1 5
12 4 8 0 4 2 3 6 7 1 5
12 4 8 4 6 0 2 3 7 1 5
12 5 7 0 6 2 4 3 7 1 5
12 4 8 3 6 0 2 4 7 1 5
12 5 7 7 6 2 3 0 4 1 5
12 5 7 6 0 2 3 7 4 1 5
12 5 7 4 6 1 2 5 7 0 3
12 5 7 4 0 6 2 5 7 1 3
12 7 5 4 6 3 2 5 7 1 0
12 6 6 6 0 2 4 5 7 1 3
12 5 7 4 0 6 3 5 7 2 1
12 4 8 6 7 2 3 4 1 0 5
12 4 8 4 0 6 3 7 1 2 5
12 6 6 4 6 5 3 7 1 2 0
12 9 3 1 4 2 3 5 6 7 0
12 12 0 1 2 3 4 5 6 7 0
