10.5 0 10.5 4 6 2 3 0 7 1 5
11.0 1 10.0 0 6 2 3 4 7 1 5
12.0 1 11.0 4 6 2 3 7 0 1 5
12.0 2 10.0 4 6 2 3 5 7 1 0
12.5 2 10.5 6 0 2 3 4 7 1 5
12.5 2 10.5 4 6 2 3 7 1 0 5
13.0 3 10.0 3 6 2 0 4 7 1 5
13.0 2 11.0 4 0 2 3 7 6 1 5
13.0 3 10.0 6 2 0 3 4 7 1 5
13.0 3 10.0 4 6 0 3 7 1 2 5
13.0 3 10.0 4 6 2 3 7 1 5 0
13.0 5 8.0 4 6 2 3 0 1 5 7
13.5 3 10.5 4 0 2 3 6 7 1 5
13.5 3 10.5 4 6 2 0 3 7 1 5
13.5 3 10.5 4 6 2 0 5 7 1 3
13.5 3 10.5 4 6 2 3 5 7 0 1
13.5 3 10.5 6 7 2 3 4 0 1 5
13.5 3 10.5 4 2 0 3 7 6 1 5
13.5 3 10.5 0 4 2 3 7 6 1 5
13.5 4 9.5 6 2 1 3 4 7 0 5
13.5 4 9.5 6 2 3 0 4 7 1 5
13.5 4 9.5 4 6 3 0 7 1 2 5
13.5 6 7.5 0 6 2 3 4 1 5 7
13.5 6 7.5 4 6 2 3 1 0 5 7
13.5 7 6.5 4 0 2 3 1 6 5 7
14.0 4 10.0 5 6 2 3 4 7 1 0
14.0 5 9.0 6 1 2 3 4 7 0 5
14.0 4 10.0 3 6 2 5 4 7 1 0
14.0 4 10.0 4 0 6 3 7 1 2 5
14.0 4 10.0 4 2 0 3 6 7 1 5
14.0 4 10.0 0 4 2 3 6 7 1 5
14.0 4 10.0 4 6 2 3 5 0 7 1
14.0 4 10.0 6 7 2 3 4 1 0 5
14.0 4 10.0 6 7 2 3 0 4 1 5
14.0 4 10.0 4 2 1 3 7 6 0 5
14.0 4 10.0 4 2 3 0 7 6 1 5
14.0 5 9.0 6 2 1 3 4 7 5 0
14.0 5 9.0 6 2 1 3 4 0 7 5
14.0 7 7.0 4 6 3 7 0 1 2 5
14.0 8 6.0 4 2 0 3 1 6 5 7
14.0 8 6.0 0 4 2 3 1 6 5 7
14.0 5 9.0 4 0 2 3 5 6 7 1
14.0 5 9.0 4 2 3 5 7 6 1 0
14.0 7 7.0 4 2 3 5 0 6 1 7
14.5 4 10.5 4 6 0 3 7 2 1 5
14.5 4 10.5 0 6 2 3 7 4 1 5
14.5 5 9.5 0 6 2 3 5 7 1 4
14.5 4 10.5 3 6 0 2 4 7 1 5
14.5 5 9.5 4 1 2 3 7 6 0 5
14.5 4 10.5 4 6 2 0 7 1 5 3
14.5 4 10.5 4 7 2 3 6 0 1 5
14.5 4 10.5 4 6 2 5 3 7 1 0
14.5 4 10.5 7 4 2 3 0 6 1 5
14.5 5 9.5 6 2 3 5 4 7 1 0
14.5 6 8.5 0 2 3 6 4 7 1 5
14.5 5 9.5 4 6 3 5 7 1 2 0
14.5 7 7.5 4 6 2 3 1 5 0 7
14.5 6 8.5 6 1 2 3 4 7 5 0
14.5 6 8.5 6 1 2 3 4 0 7 5
14.5 5 9.5 4 1 6 3 7 0 2 5
14.5 5 9.5 0 4 6 3 7 1 2 5
14.5 5 9.5 4 2 1 3 6 7 0 5
14.5 5 9.5 4 2 3 0 6 7 1 5
14.5 5 9.5 6 7 0 3 4 1 2 5
14.5 5 9.5 6 7 2 3 4 1 5 0
14.5 5 9.5 4 2 1 3 7 6 5 0
14.5 7 7.5 4 2 3 7 0 6 1 5
14.5 6 8.5 0 2 3 4 7 6 1 5
14.5 6 8.5 6 0 1 3 4 2 7 5
14.5 6 8.5 6 2 1 3 0 4 7 5
14.5 8 6.5 4 6 3 7 1 0 2 5
14.5 9 5.5 4 2 3 0 1 6 5 7
14.5 9 5.5 1 4 2 3 0 6 5 7
14.5 6 8.5 4 2 0 3 5 6 7 1
14.5 6 8.5 0 4 2 3 5 6 7 1
14.0 9 5.0 1 4 2 3 5 6 7 0
14.5 8 6.5 0 2 3 5 4 6 1 7
14.5 7 7.5 4 6 3 5 0 1 2 7
14.5 6 8.5 4 2 3 5 6 7 1 0
14.5 7 7.5 4 2 1 3 0 6 5 7
14.0 8 6.0 0 2 1 3 4 6 5 7
14.5 7 7.5 0 2 1 3 6 4 7 5
15.0 4 11.0 7 6 2 3 4 0 1 5
15.0 5 10.0 4 6 2 0 7 1 3 5
15.0 5 10.0 4 0 2 3 7 1 6 5
15.0 5 10.0 4 7 2 3 0 6 1 5
15.0 6 9.0 6 2 7 3 4 0 1 5
15.0 6 9.0 4 1 2 3 6 7 0 5
15.0 4 11.0 4 6 0 2 3 7 1 5
15.0 5 10.0 0 6 2 4 3 7 1 5
15.0 4 11.0 4 6 0 2 5 7 1 3
15.0 5 10.0 0 6 2 4 5 7 1 3
15.0 4 11.0 4 6 0 3 5 7 2 1
15.0 6 9.0 0 6 3 4 7 1 2 5
15.0 7 8.0 6 0 2 3 4 1 5 7
15.0 9 6.0 1 6 2 3 4 0 5 7
15.0 9 6.0 4 6 0 3 1 2 5 7
15.0 9 6.0 0 6 2 3 1 4 5 7
15.0 5 10.0 4 6 2 3 0 5 7 1
15.0 5 10.0 0 7 2 3 6 4 1 5
15.0 5 10.0 4 2 1 3 7 0 6 5
15.0 8 7.0 0 2 1 3 4 6 7 5
15.0 9 6.0 4 2 5 3 1 6 0 7
15.0 5 10.0 4 6 1 3 7 2 0 5
15.0 5 10.0 4 6 3 0 7 2 1 5
15.0 5 10.0 3 6 1 2 4 7 0 5
15.0 6 9.0 4 1 2 3 7 6 5 0
15.0 7 8.0 4 6 2 7 0 1 5 3
15.0 5 10.0 4 7 2 3 6 1 0 5
15.0 8 7.0 4 6 0 3 1 5 2 7
15.0 7 8.0 6 1 2 3 0 4 7 5
15.0 6 9.0 4 1 6 3 7 2 0 5
15.0 6 9.0 4 1 6 3 0 7 2 5
15.0 6 9.0 4 2 1 3 6 7 5 0
15.0 6 9.0 4 2 1 3 6 0 7 5
15.0 7 8.0 0 2 3 4 6 7 1 5
15.0 6 9.0 6 7 3 0 4 1 2 5
15.0 6 9.0 6 0 7 3 4 1 2 5
15.0 8 7.0 0 2 3 7 4 6 1 5
15.0 7 8.0 6 1 0 3 4 2 7 5
15.0 7 8.0 0 6 1 3 4 2 7 5
15.0 9 6.0 4 6 3 7 1 2 0 5
15.0 11 4.0 0 2 3 4 1 6 5 7
15.0 7 8.0 4 2 3 0 5 6 7 1
15.0 10 5.0 1 4 2 3 5 6 0 7
15.0 8 7.0 4 6 3 5 1 0 2 7
15.0 9 6.0 2 0 1 3 4 6 5 7
15.0 5 10.0 7 0 2 3 4 6 1 5
15.0 10 5.0 1 0 2 3 4 6 5 7
15.0 8 7.0 4 1 2 3 0 6 5 7
15.0 8 7.0 0 1 2 3 6 4 7 5
15.0 9 6.0 4 0 3 5 1 6 2 7
15.5 5 10.5 4 6 0 3 5 7 1 2
15.5 6 9.5 3 6 2 4 0 7 1 5
15.5 6 9.5 0 6 2 3 7 1 5 4
15.5 6 9.5 0 7 2 3 4 6 1 5
15.5 6 9.5 4 2 5 3 7 6 1 0
15.5 5 10.5 3 4 2 0 7 6 1 5
15.5 8 7.5 3 6 2 0 4 1 5 7
15.5 5 10.5 5 6 2 0 4 7 1 3
15.5 5 10.5 5 6 2 3 4 7 0 1
15.5 6 9.5 5 6 2 3 0 7 1 4
15.5 6 9.5 6 1 0 3 4 7 2 5
15.5 5 10.5 3 6 2 5 4 7 0 1
15.5 6 9.5 3 6 2 5 0 7 1 4
15.5 8 7.5 0 2 1 3 4 7 5 6
15.5 8 7.5 0 6 3 7 4 1 2 5
15.5 6 9.5 4 2 3 5 7 6 0 1
15.5 8 7.5 4 2 3 5 6 0 1 7
15.5 5 10.5 4 0 6 3 7 2 1 5
15.5 5 10.5 7 6 2 3 0 4 1 5
15.5 5 10.5 3 0 6 2 4 7 1 5
15.5 6 9.5 4 1 2 3 7 0 6 5
15.5 7 8.5 2 0 3 6 4 7 1 5
15.5 8 7.5 4 6 2 3 1 5 7 0
15.5 9 6.5 0 1 2 3 4 6 7 5
15.5 6 9.5 7 4 6 3 0 1 2 5
15.5 7 8.5 3 4 6 0 7 1 2 5
15.5 7 8.5 7 2 3 4 0 6 1 5
15.5 7 8.5 2 0 3 4 7 6 1 5
15.5 9 6.5 4 0 3 7 1 6 2 5
15.5 10 5.5 4 2 3 7 1 6 5 0
15.5 7 8.5 4 2 7 3 5 6 0 1
15.5 9 6.5 2 0 3 5 4 6 1 7
15.5 8 7.5 2 0 1 3 6 4 7 5
15.5 5 10.5 7 6 2 3 4 1 0 5
15.5 8 7.5 4 6 2 7 0 1 3 5
15.5 6 9.5 4 2 0 3 7 1 6 5
15.5 6 9.5 0 4 2 3 7 1 6 5
15.5 7 8.5 6 2 7 3 4 1 0 5
15.5 7 8.5 6 2 7 3 0 4 1 5
15.5 7 8.5 4 1 2 3 6 7 5 0
15.5 7 8.5 4 1 2 3 6 0 7 5
15.5 5 10.5 4 6 1 2 3 7 0 5
15.5 5 10.5 4 6 1 2 5 7 0 3
15.5 5 10.5 4 6 3 0 5 7 2 1
15.5 8 7.5 6 1 2 3 4 0 5 7
15.5 8 7.5 6 2 0 3 4 1 5 7
15.5 10 5.5 1 6 2 3 0 4 5 7
15.5 10 5.5 4 6 3 0 1 2 5 7
15.5 6 9.5 0 6 2 3 4 5 7 1
15.0 9 6.0 1 6 2 3 4 5 7 0
15.5 6 9.5 4 0 1 3 7 2 6 5
15.5 6 9.5 4 2 1 3 0 7 6 5
15.0 7 8.0 0 2 1 3 4 7 6 5
15.5 6 9.5 4 6 1 3 7 2 5 0
15.5 8 7.5 4 6 3 7 0 2 1 5
15.5 6 9.5 3 6 1 2 4 7 5 0
15.5 6 9.5 3 6 1 2 4 0 7 5
15.5 8 7.5 4 6 2 7 1 0 5 3
15.5 6 9.5 4 7 0 3 6 1 2 5
15.5 6 9.5 4 7 2 3 6 1 5 0
15.5 9 6.5 4 6 3 0 1 5 2 7
15.5 7 8.5 4 1 6 3 7 2 5 0
15.5 7 8.5 0 1 6 3 4 7 2 5
15.5 7 8.5 4 0 1 3 6 2 7 5
15.5 7 8.5 6 1 7 3 4 0 2 5
15.5 7 8.5 0 6 7 3 4 1 2 5
15.5 8 7.5 6 1 3 0 4 2 7 5
15.5 10 5.5 4 6 0 7 1 2 3 5
15.5 10 5.5 4 6 3 7 1 2 5 0
15.5 12 3.5 1 2 3 4 0 6 5 7
15.5 8 7.5 4 2 3 1 5 6 7 0
15.5 9 6.5 0 2 3 4 5 6 7 1
15.0 12 3.0 1 2 3 4 5 6 7 0
