0 0 8.0 2 4 1 3 6 7 5 0
0 0 8.0 2 4 1 3 0 7 5 6
0 0 7.5 0 4 1 3 2 7 5 6
0 0 7.5 2 0 1 3 4 7 5 6
0 0 7.0 2 1 0 3 4 7 5 6
0 0 6.0 2 1 7 3 4 0 5 6
0 0 5.5 2 1 7 3 0 4 5 6
0 0 5.0 0 1 7 3 2 4 5 6
0 0 4.5 1 0 7 3 2 4 5 6
0 0 4.5 1 2 7 3 0 4 5 6
0 0 4.5 1 2 7 0 3 4 5 6
0 0 4.5 1 2 0 7 3 4 5 6
0 0 4.5 1 2 5 7 3 4 0 6
0 0 4.0 1 2 5 7 3 4 6 0
0 0 4.0 1 2 5 0 3 4 6 7
0 0 4.0 1 2 5 3 0 4 6 7
0 0 4.0 1 0 5 3 2 4 6 7
0 0 4.0 1 5 0 3 2 4 6 7
0 0 3.5 1 5 3 0 2 4 6 7
0 0 3.5 1 5 3 7 2 4 6 0
0 0 4.0 1 5 3 7 2 4 0 6
0 0 3.5 1 0 3 7 2 4 5 6
0 0 3.5 1 3 0 7 2 4 5 6
0 0 3.5 1 2 3 7 0 4 5 6
0 0 3.5 1 3 5 7 2 4 0 6
0 0 3.0 1 3 5 7 2 4 6 0
