5.5 0 5.5 1 0 3 6 5 2 7 4
6.0 1 5.0 1 2 3 6 5 0 7 4
6.5 1 5.5 1 3 0 6 5 2 7 4
7.0 1 6.0 0 1 3 6 5 2 7 4
7.0 2 5.0 1 2 3 6 0 5 7 4
7.0 2 5.0 1 3 6 0 5 2 7 4
7.5 2 5.5 1 2 3 6 5 7 0 4
7.5 2 5.5 1 3 7 6 5 2 0 4
7.5 3 4.5 1 3 6 4 5 2 7 0
8.0 3 5.0 1 5 3 6 0 2 7 4
8.0 2 6.0 5 1 3 6 0 2 7 4
8.5 4 4.5 1 3 4 6 5 2 7 0
8.5 3 5.5 0 2 3 6 1 5 7 4
8.5 4 4.5 1 2 3 6 4 5 7 0
8.5 3 5.5 1 2 3 6 5 7 4 0
8.5 3 5.5 1 3 7 6 5 2 4 0
8.5 4 4.5 1 3 6 4 5 2 0 7
8.5 4 4.5 1 3 7 0 5 2 4 6
8.5 5 3.5 1 3 0 4 5 2 6 7
9.0 3 6.0 1 3 7 6 5 0 2 4
9.0 4 5.0 1 5 3 6 2 0 7 4
9.0 3 6.0 5 1 3 6 2 0 7 4
9.5 3 6.5 1 7 3 6 5 2 0 4
9.5 5 4.5 1 3 6 7 5 2 0 4
9.5 5 4.5 1 3 7 0 5 2 6 4
9.5 4 5.5 0 5 3 6 1 2 7 4
9.5 5 4.5 1 3 4 0 5 2 7 6
9.5 5 4.5 1 3 4 6 5 2 0 7
9.5 4 5.5 2 0 3 6 1 5 7 4
9.5 5 4.5 1 2 3 0 4 5 7 6
9.5 5 4.5 1 2 3 6 4 5 0 7
9.5 4 5.5 1 2 3 0 5 7 4 6
9.5 5 4.5 1 3 0 7 5 2 4 6
9.5 6 3.5 1 3 4 0 5 2 6 7
9.5 6 3.5 1 0 3 4 5 2 6 7
10.0 4 6.0 1 2 0 6 5 3 7 4
10.0 4 6.0 1 3 2 6 5 0 7 4
10.0 4 6.0 2 1 3 6 5 0 7 4
10.0 3 7.0 6 1 3 0 5 2 7 4
10.0 5 5.0 1 0 3 6 2 5 7 4
10.0 5 5.0 1 3 6 5 0 2 7 4
10.0 3 7.0 1 2 0 6 5 7 3 4
10.0 5 5.0 1 3 6 4 0 2 7 5
10.0 5 5.0 1 3 7 6 0 2 4 5
10.0 5 5.0 1 3 6 4 5 0 2 7
10.0 4 6.0 1 3 7 6 0 5 2 4
10.0 6 4.0 1 3 7 4 5 2 6 0
10.0 6 4.0 1 3 4 7 5 2 0 6
10.0 7 3.0 1 2 3 4 5 0 6 7
10.5 4 6.5 0 2 3 6 5 1 7 4
10.5 4 6.5 4 1 3 6 5 2 7 0
10.5 5 5.5 1 2 3 0 6 5 7 4
10.0 6 4.0 1 2 3 4 6 5 7 0
10.5 5 5.5 1 2 3 0 5 7 6 4
10.0 6 4.0 1 2 3 4 5 7 6 0
10.5 6 4.5 1 3 0 4 5 2 7 6
10.5 5 5.5 1 5 3 6 4 2 7 0
10.5 5 5.5 5 0 3 6 1 2 7 4
10.5 4 6.5 5 1 3 6 4 2 7 0
10.5 5 5.5 1 5 3 6 2 7 0 4
10.5 4 6.5 5 0 3 6 2 1 7 4
10.5 4 6.5 5 1 3 6 2 7 0 4
10.5 4 6.5 1 7 3 6 5 2 4 0
10.5 6 4.5 1 3 0 7 5 2 6 4
10.5 6 4.5 1 3 6 7 5 2 4 0
10.5 5 5.5 2 5 3 6 1 0 7 4
10.5 5 5.5 2 3 0 6 1 5 7 4
10.5 6 4.5 1 2 3 6 4 0 5 7
10.5 6 4.5 1 0 3 7 5 2 4 6
10.5 7 3.5 1 3 4 7 5 2 6 0
10.5 5 5.5 1 2 6 0 5 3 7 4
10.5 4 6.5 6 1 3 4 5 2 7 0
10.5 4 6.5 1 2 6 0 5 7 3 4
10.5 5 5.5 1 7 3 0 5 2 4 6
11.0 6 5.0 1 3 4 6 0 2 7 5
11.0 5 6.0 1 2 3 6 0 7 4 5
11.0 6 5.0 1 3 0 6 5 2 4 7
11.0 4 7.0 1 7 0 6 5 2 3 4
11.0 4 7.0 1 7 3 6 5 0 2 4
11.0 6 5.0 1 3 6 7 5 0 2 4
11.0 6 5.0 1 3 4 6 5 0 2 7
11.0 6 5.0 1 2 0 3 4 5 7 6
11.0 5 6.0 1 2 0 3 5 7 4 6
11.0 7 4.0 0 1 3 4 5 2 6 7
11.0 5 6.0 1 2 7 6 5 3 0 4
11.0 5 6.0 1 3 2 6 0 5 7 4
11.0 5 6.0 2 1 3 6 0 5 7 4
11.0 6 5.0 1 3 0 6 2 5 7 4
11.0 6 5.0 1 3 6 5 2 0 7 4
11.0 6 5.0 1 3 6 4 2 0 7 5
11.0 6 5.0 1 3 7 6 2 0 4 5
11.0 6 5.0 1 3 6 4 0 5 2 7
11.0 8 3.0 1 2 3 4 5 6 0 7
11.0 8 3.0 1 2 3 4 0 5 6 7
11.0 7 4.0 1 2 3 4 6 5 0 7
11.0 6 5.0 2 3 6 0 1 5 7 4
11.0 7 4.0 1 2 3 6 0 4 5 7
11.0 7 4.0 1 2 3 7 5 0 4 6
11.0 6 5.0 1 2 6 4 5 3 7 0
11.0 5 6.0 1 2 6 4 5 7 3 0
11.5 4 7.5 0 3 6 1 5 2 7 4
11.5 5 6.5 1 0 7 6 5 2 3 4
11.5 6 5.5 1 5 3 0 6 2 7 4
11.5 5 6.5 5 1 3 0 6 2 7 4
11.5 5 6.5 6 2 3 0 1 5 7 4
11.5 7 4.5 1 3 6 0 5 2 4 7
11.5 7 4.5 1 3 7 4 5 2 0 6
11.5 7 4.5 1 3 7 5 0 2 4 6
11.5 4 7.5 1 0 7 6 5 3 2 4
11.5 6 5.5 0 1 3 6 2 5 7 4
11.5 6 5.5 1 7 3 0 5 2 6 4
11.5 8 3.5 1 2 3 0 4 5 6 7
11.5 7 4.5 1 2 3 4 5 7 0 6
11.5 5 6.5 1 0 2 6 5 3 7 4
11.5 5 6.5 1 3 2 6 5 7 0 4
11.5 5 6.5 2 0 3 6 5 1 7 4
11.5 5 6.5 2 1 3 6 5 7 0 4
11.5 4 7.5 6 1 0 3 5 2 7 4
11.5 6 5.5 0 3 6 5 1 2 7 4
11.5 4 7.5 1 0 2 6 5 7 3 4
11.5 6 5.5 0 3 6 4 1 2 7 5
11.5 6 5.5 0 3 7 6 1 2 4 5
11.5 5 6.5 0 3 7 6 1 5 2 4
11.5 7 4.5 1 3 4 7 5 0 2 6
11.5 5 6.5 5 2 3 6 0 1 7 4
11.5 5 6.5 4 1 3 0 5 2 7 6
11.5 5 6.5 4 1 3 6 5 2 0 7
11.5 7 4.5 1 0 3 4 5 2 7 6
11.5 6 5.5 1 5 3 0 4 2 7 6
11.5 6 5.5 1 5 3 6 4 2 0 7
11.5 6 5.5 5 3 0 6 1 2 7 4
11.5 5 6.5 5 1 3 0 4 2 7 6
11.5 5 6.5 5 1 3 6 4 2 0 7
11.5 6 5.5 1 5 3 6 2 7 4 0
11.5 5 6.5 0 5 3 6 2 1 7 4
11.5 5 6.5 5 3 0 6 2 1 7 4
11.5 5 6.5 5 1 3 6 2 7 4 0
11.5 7 4.5 1 0 3 7 5 2 6 4
11.5 6 5.5 2 3 7 6 1 5 0 4
11.5 5 6.5 6 1 3 4 5 2 0 7
11.5 5 6.5 1 7 6 0 5 2 3 4
11.5 6 5.5 1 2 4 3 5 7 0 6
11.5 7 4.5 1 3 6 0 2 5 7 4
11.5 7 4.5 2 3 6 4 1 5 7 0
12.0 5 7.0 1 0 3 6 5 7 2 4
12.0 6 6.0 5 2 3 6 1 0 7 4
12.0 6 6.0 4 2 3 6 1 5 7 0
12.0 8 4.0 1 3 2 4 5 0 6 7
12.0 7 5.0 1 5 0 6 2 3 7 4
12.0 6 6.0 5 1 0 6 2 3 7 4
12.0 8 4.0 1 2 3 7 4 5 0 6
12.0 8 4.0 1 2 3 4 0 5 7 6
12.0 6 6.0 1 2 0 6 4 5 3 7
12.0 7 5.0 1 2 4 6 5 3 7 0
12.0 6 6.0 1 2 4 6 5 7 3 0
12.0 6 6.0 1 2 7 6 5 0 3 4
12.0 6 6.0 1 2 0 3 6 5 7 4
12.0 6 6.0 1 2 0 3 5 7 6 4
12.0 6 6.0 1 5 0 6 2 7 3 4
12.0 5 7.0 5 1 0 6 2 7 3 4
12.0 6 6.0 1 7 3 6 0 2 4 5
12.0 8 4.0 1 3 6 7 0 2 4 5
12.0 6 6.0 2 5 3 6 1 7 0 4
12.0 6 6.0 2 5 3 6 0 1 7 4
12.0 7 5.0 1 0 3 6 4 2 5 7
12.0 7 5.0 0 1 3 7 5 2 4 6
12.0 6 6.0 1 7 0 3 5 2 4 6
12.0 7 5.0 1 3 4 6 2 0 7 5
12.0 7 5.0 1 0 3 6 5 2 4 7
12.0 5 7.0 1 7 3 6 0 5 2 4
12.0 7 5.0 1 3 6 7 0 5 2 4
12.0 7 5.0 1 3 4 6 0 5 2 7
12.0 7 5.0 1 2 7 3 4 5 0 6
12.0 6 6.0 1 2 7 6 5 3 4 0
12.0 7 5.0 1 3 7 6 2 5 0 4
12.0 7 5.0 1 3 7 6 2 4 0 5
12.0 9 3.0 1 2 3 4 5 6 7 0
