0 0 9.5 4 1 2 5 7 0 6 3
0 0 9.0 4 1 2 5 0 7 6 3
0 0 8.0 4 1 2 5 3 7 6 0
0 0 7.5 0 1 2 5 3 7 6 4
0 0 7.0 1 0 2 5 3 7 6 4
0 0 6.5 1 2 0 5 3 7 6 4
0 0 5.5 1 2 4 5 3 7 6 0
0 0 5.5 1 2 7 5 3 0 6 4
0 0 5.0 1 2 7 5 0 3 6 4
0 0 5.0 1 0 7 5 2 3 6 4
0 0 4.5 1 3 7 5 2 0 6 4
0 0 4.5 1 3 7 5 2 6 0 4
0 0 4.5 1 3 7 5 0 2 6 4
0 0 4.5 1 3 0 5 2 6 7 4
0 0 3.5 1 3 4 5 2 6 7 0
0 0 3.5 1 3 4 5 2 6 0 7
0 0 3.5 1 3 4 5 2 0 6 7
0 0 3.5 1 3 4 0 2 6 5 7
0 0 3.5 1 3 4 5 0 2 6 7
0 0 3.5 1 3 0 5 2 4 6 7
0 0 3.0 1 3 5 0 2 4 6 7
0 0 3.0 1 3 5 7 2 4 6 0
