7 0 7 3 6 1 2 0 5 7 4
7 1 6 3 6 1 2 5 0 7 4
7 2 5 3 0 1 2 5 6 7 4
8 1 7 0 6 1 2 3 5 7 4
8 2 6 3 6 1 2 4 5 7 0
8 3 5 3 1 0 2 5 6 7 4
8 3 5 0 3 1 2 5 6 7 4
9 2 7 3 6 1 2 5 7 0 4
9 2 7 6 0 1 2 3 5 7 4
9 4 5 3 1 2 0 5 6 7 4
8 5 3 3 1 2 4 5 6 7 0
9 3 6 3 6 1 2 5 7 4 0
10 3 7 3 0 1 2 6 5 7 4
10 3 7 3 6 1 0 2 5 7 4
9 4 5 3 6 1 4 2 5 7 0
10 4 6 3 6 0 2 5 1 7 4
10 4 6 0 6 1 2 5 3 7 4
10 4 6 4 6 1 2 3 5 7 0
10 3 7 2 6 1 0 3 5 7 4
9 4 5 2 6 1 4 3 5 7 0
10 3 7 3 6 1 0 4 5 7 2
10 4 6 3 1 7 2 5 6 0 4
10 6 4 3 1 4 2 5 6 7 0
10 4 6 5 3 1 2 0 6 7 4
10 6 4 4 3 1 2 5 6 7 0
10 5 5 2 3 1 0 5 6 7 4
9 6 3 2 3 1 4 5 6 7 0
10 3 7 3 6 0 2 5 7 1 4
10 3 7 6 5 1 2 3 0 7 4
10 3 7 6 1 0 2 3 5 7 4
10 5 5 3 1 7 2 5 6 4 0
11 5 6 3 7 1 2 5 6 0 4
11 5 6 3 5 1 2 0 6 7 4
11 4 7 5 6 1 2 3 0 7 4
11 3 8 3 6 1 2 4 5 0 7
11 6 5 0 1 2 3 5 6 7 4
11 6 5 3 1 2 4 5 6 0 7
11 4 7 3 6 1 0 5 7 4 2
11 4 7 3 5 1 2 6 0 7 4
11 4 7 3 1 0 2 6 5 7 4
11 4 7 0 3 1 2 6 5 7 4
11 4 7 3 6 0 1 2 5 7 4
11 5 6 3 6 2 0 5 1 7 4
10 6 4 3 6 2 4 5 1 7 0
11 5 6 3 0 6 2 5 1 7 4
11 5 6 6 0 1 2 5 3 7 4
11 4 7 2 6 0 1 3 5 7 4
11 4 7 3 6 0 1 4 5 7 2
11 6 5 5 3 1 2 4 6 7 0
11 6 5 2 3 0 1 5 6 7 4
11 4 7 3 6 2 0 5 7 1 4
10 5 5 3 6 2 4 5 7 1 0
11 4 7 3 0 6 2 5 7 1 4
11 4 7 6 5 1 2 0 3 7 4
11 4 7 6 1 2 0 3 5 7 4
10 5 5 6 1 2 4 3 5 7 0
11 6 5 3 7 1 2 5 6 4 0
11 5 6 5 0 1 2 3 6 7 4
11 7 4 1 0 2 3 5 6 7 4
11 7 4 2 0 3 1 5 6 7 4
11 8 3 1 2 0 3 5 6 7 4
11 8 3 0 2 3 1 5 6 7 4
11 9 2 1 2 3 0 5 6 7 4
10 10 0 1 2 3 4 5 6 7 0
