9.0 0 9.0 3 6 1 2 0 5 7 4
9.5 1 8.5 0 6 1 2 3 5 7 4
10.0 1 9.0 3 6 1 2 5 0 7 4
10.0 3 7.0 3 6 1 0 2 5 7 4
10.0 2 8.0 3 0 1 2 5 6 7 4
10.5 2 8.5 3 6 1 2 4 5 7 0
10.5 3 7.5 2 6 1 0 3 5 7 4
10.5 4 6.5 3 6 1 4 2 5 7 0
10.5 3 7.5 3 1 0 2 5 6 7 4
10.5 3 7.5 0 3 1 2 5 6 7 4
11.0 2 9.0 6 0 1 2 3 5 7 4
11.0 4 7.0 2 6 1 4 3 5 7 0
11.0 4 7.0 3 1 2 0 5 6 7 4
10.5 5 5.5 3 1 2 4 5 6 7 0
11.5 2 9.5 3 6 1 2 5 7 0 4
11.5 4 7.5 3 6 0 1 2 5 7 4
11.5 3 8.5 3 6 1 2 4 5 0 7
11.5 5 6.5 3 6 1 4 2 5 0 7
11.5 4 7.5 3 1 7 2 5 6 0 4
11.5 5 6.5 2 3 1 0 5 6 7 4
11.0 6 5.0 2 3 1 4 5 6 7 0
11.5 3 8.5 6 1 0 2 3 5 7 4
11.5 6 5.5 3 1 2 4 5 6 0 7
12.0 3 9.0 3 0 1 2 6 5 7 4
12.0 5 7.0 0 6 1 3 2 5 7 4
12.0 3 9.0 3 6 1 0 4 5 7 2
12.0 4 8.0 2 6 0 1 3 5 7 4
12.0 5 7.0 2 6 1 4 3 5 0 7
12.0 6 6.0 0 1 2 3 5 6 7 4
12.0 7 5.0 2 3 1 4 5 6 0 7
12.0 4 8.0 6 1 2 0 3 5 7 4
12.5 4 8.5 3 6 0 2 5 1 7 4
12.5 4 8.5 0 6 1 2 5 3 7 4
12.5 6 6.5 3 6 1 7 2 5 0 4
12.5 6 6.5 3 1 4 2 5 6 7 0
12.5 4 8.5 5 3 1 2 0 6 7 4
12.5 3 9.5 3 6 1 2 5 7 4 0
12.5 5 7.5 3 6 7 1 2 5 0 4
12.5 5 7.5 3 0 6 1 2 5 7 4
12.5 4 8.5 3 6 1 2 4 0 5 7
12.5 6 6.5 3 6 1 4 2 0 5 7
12.5 5 7.5 3 1 7 2 5 6 4 0
12.5 5 7.5 3 1 7 2 5 0 6 4
12.5 4 8.5 6 1 7 2 3 5 0 4
12.5 7 5.5 3 1 2 4 5 0 6 7
12.5 4 8.5 3 1 0 2 6 5 7 4
12.5 4 8.5 0 3 1 2 6 5 7 4
12.5 7 5.5 1 0 2 3 5 6 7 4
12.5 5 7.5 6 1 2 4 3 5 7 0
12.5 5 7.5 3 0 1 2 4 6 5 7
12.5 7 5.5 3 0 1 4 2 6 5 7
13.0 4 9.0 5 6 1 2 3 0 7 4
13.0 4 9.0 4 6 1 2 3 5 7 0
13.0 6 7.0 2 6 1 7 3 5 0 4
13.0 3 10.0 6 5 1 2 3 0 7 4
13.0 3 10.0 3 6 0 2 5 7 1 4
13.0 4 9.0 3 6 0 2 4 5 1 7
13.0 6 7.0 3 0 1 2 4 5 6 7
13.0 6 7.0 3 6 0 4 2 5 1 7
13.0 8 5.0 3 0 1 4 2 5 6 7
13.0 6 7.0 2 3 0 1 5 6 7 4
13.0 7 6.0 3 1 0 4 5 6 2 7
13.0 4 9.0 3 5 1 2 6 0 7 4
13.0 5 8.0 2 6 7 1 3 5 0 4
13.0 5 8.0 2 0 6 1 3 5 7 4
13.0 6 7.0 2 6 1 4 3 0 5 7
13.0 8 5.0 2 3 1 4 5 0 6 7
13.0 6 7.0 0 1 2 6 3 5 7 4
13.0 5 8.0 3 6 2 0 5 1 7 4
13.0 6 7.0 0 3 6 1 2 5 7 4
12.5 8 4.5 1 3 6 0 2 5 7 4
13.0 5 8.0 3 6 1 2 0 4 5 7
13.0 5 8.0 3 1 2 0 6 5 7 4
12.5 6 6.5 3 1 2 4 6 5 7 0
13.0 8 5.0 1 2 0 3 5 6 7 4
13.0 6 7.0 3 1 0 2 4 6 5 7
13.0 6 7.0 0 3 1 2 4 6 5 7
13.0 8 5.0 3 1 0 4 2 6 5 7
13.0 8 5.0 0 3 1 4 2 6 5 7
13.0 5 8.0 5 0 1 2 3 6 7 4
13.0 7 6.0 2 0 1 4 3 6 5 7
13.0 9 4.0 1 3 6 4 2 5 7 0
13.5 5 8.5 3 5 1 2 0 6 7 4
13.5 6 7.5 2 6 1 3 0 5 7 4
13.5 7 6.5 3 1 2 7 5 6 0 4
13.5 6 7.5 6 0 1 3 2 5 7 4
13.5 4 9.5 3 6 0 1 4 5 7 2
13.5 6 7.5 2 6 0 4 3 5 1 7
13.5 8 5.5 2 0 1 4 3 5 6 7
13.5 8 5.5 2 3 0 4 5 6 1 7
13.5 5 8.5 3 6 7 2 5 1 0 4
13.5 5 8.5 3 0 6 2 5 1 7 4
13.5 5 8.5 5 6 1 2 0 3 7 4
13.5 6 7.5 2 6 1 0 5 3 7 4
13.5 7 6.5 3 6 1 7 2 5 4 0
13.5 7 6.5 3 6 1 7 2 0 5 4
13.5 7 6.5 3 1 4 2 5 6 0 7
13.5 7 6.5 5 3 1 0 2 6 7 4
13.5 6 7.5 3 6 7 1 2 5 4 0
13.5 6 7.5 3 6 7 1 2 0 5 4
13.5 6 7.5 3 5 6 1 2 0 7 4
13.5 7 6.5 3 6 1 4 0 2 5 7
13.5 6 7.5 3 1 7 2 0 5 6 4
13.5 5 8.5 6 1 7 2 3 5 4 0
13.5 5 8.5 6 1 7 2 3 0 5 4
13.5 8 5.5 3 1 2 4 0 5 6 7
13.5 5 8.5 3 1 7 2 6 5 0 4
13.5 6 7.5 2 3 1 0 6 5 7 4
13.0 7 6.0 2 3 1 4 6 5 7 0
13.5 6 7.5 6 1 2 4 3 5 0 7
13.5 4 9.5 6 5 1 2 0 3 7 4
13.5 4 9.5 3 6 2 0 5 7 1 4
13.5 5 8.5 3 6 2 0 4 5 1 7
13.5 7 6.5 3 1 0 2 4 5 6 7
13.5 7 6.5 0 3 1 2 4 5 6 7
13.5 9 4.5 3 1 0 4 2 5 6 7
13.5 9 4.5 0 3 1 4 2 5 6 7
13.5 7 6.5 2 6 1 4 0 3 5 7
13.5 7 6.5 1 0 2 6 3 5 7 4
13.5 6 7.5 3 6 2 4 5 1 7 0
13.5 6 7.5 0 6 1 2 3 4 5 7
13.5 7 6.5 3 1 2 4 6 5 0 7
13.5 9 4.5 1 2 3 0 5 6 7 4
13.0 10 3.0 1 2 3 4 5 6 7 0
