0 0 10.5 7 4 3 6 0 5 1 2
0 0 9.5 7 4 3 6 2 5 1 0
0 0 7.0 0 4 3 6 2 5 1 7
0 0 6.5 2 4 3 6 0 5 1 7
0 0 6.5 2 4 3 6 5 0 1 7
0 0 6.0 2 4 3 6 5 1 0 7
0 0 5.0 2 4 3 0 5 1 6 7
0 0 5.0 2 4 3 7 5 1 6 0
0 0 5.0 2 4 3 5 0 1 6 7
0 0 4.5 2 4 3 5 1 0 6 7
0 0 4.0 2 0 3 5 1 4 6 7
0 0 4.0 2 3 0 5 1 4 6 7
0 0 3.5 2 3 5 0 1 4 6 7
0 0 3.5 2 3 5 7 1 4 6 0
0 0 4.0 0 2 3 5 1 4 6 7
0 0 3.5 1 2 3 5 0 4 6 7
0 0 3.5 1 0 3 5 2 4 6 7
0 0 3.5 1 2 3 0 5 4 6 7
0 0 3.5 1 3 0 5 2 4 6 7
0 0 3.0 1 3 5 0 2 4 6 7
0 0 3.0 1 3 5 7 2 4 6 0
