10.0 0 10.0 4 5 3 1 6 7 2 0
11.5 1 10.5 4 5 3 0 6 7 2 1
11.5 1 10.5 4 5 3 1 6 7 0 2
12.0 2 10.0 4 5 3 1 0 7 2 6
12.0 2 10.0 4 5 3 1 6 0 7 2
12.5 3 9.5 0 5 3 1 6 7 2 4
12.0 5 7.0 1 5 3 0 6 7 2 4
12.5 3 9.5 0 5 3 1 4 7 2 6
12.0 5 7.0 1 5 3 0 4 7 2 6
12.5 5 7.5 4 5 3 0 1 7 2 6
12.5 3 9.5 4 5 3 1 0 6 7 2
12.5 6 6.5 1 5 3 4 6 7 2 0
12.5 5 7.5 4 5 3 1 2 6 7 0
13.0 2 11.0 4 5 0 3 6 7 2 1
13.0 3 10.0 0 5 3 4 6 7 2 1
13.0 2 11.0 4 5 0 1 6 7 3 2
13.0 3 10.0 4 0 3 1 6 5 7 2
13.0 6 7.0 1 5 3 6 4 7 2 0
13.0 4 9.0 0 5 3 1 4 6 7 2
12.5 6 6.5 1 5 3 0 4 6 7 2
13.0 6 7.0 4 5 3 0 1 6 7 2
13.0 7 6.0 1 5 3 2 4 6 7 0
13.5 3 10.5 4 5 0 1 6 7 2 3
13.5 3 10.5 4 5 3 1 7 0 2 6
13.5 4 9.5 5 0 3 1 6 7 2 4
13.5 6 7.5 1 5 0 3 6 7 2 4
13.5 4 9.5 5 0 3 1 4 7 2 6
13.5 6 7.5 1 5 0 3 4 7 2 6
13.5 6 7.5 4 5 3 6 1 7 2 0
13.5 6 7.5 4 5 3 1 2 6 0 7
13.5 3 10.5 4 5 2 3 6 7 0 1
13.5 3 10.5 4 5 1 0 6 7 3 2
13.5 4 9.5 0 4 3 1 6 5 7 2
13.0 6 7.0 1 4 3 0 6 5 7 2
13.5 7 6.5 1 4 3 2 6 5 7 0
14.0 4 10.0 4 5 3 0 6 7 1 2
14.0 6 8.0 4 5 0 3 1 7 2 6
14.0 7 7.0 0 5 3 4 1 7 2 6
14.0 7 7.0 1 5 3 4 6 7 0 2
14.0 6 8.0 4 5 3 0 2 6 7 1
14.0 3 11.0 4 0 5 3 6 7 2 1
14.0 4 10.0 5 0 3 4 6 7 2 1
14.0 3 11.0 4 0 5 1 6 7 3 2
14.0 4 10.0 4 3 0 1 6 5 7 2
14.0 5 9.0 5 0 3 1 4 6 7 2
14.0 7 7.0 2 5 3 1 4 6 7 0
14.0 7 7.0 1 5 0 3 4 6 7 2
14.0 8 6.0 1 5 3 2 4 6 0 7
14.0 4 10.0 4 5 1 0 6 7 2 3
14.0 4 10.0 4 5 3 1 7 2 0 6
14.0 7 7.0 1 5 2 3 6 7 0 4
14.0 7 7.0 1 5 2 3 4 7 0 6
14.0 7 7.0 4 5 0 1 2 6 3 7
14.0 4 10.0 4 5 2 3 6 7 1 0
14.0 4 10.0 4 5 2 3 6 0 7 1
14.0 4 10.0 4 5 1 2 6 7 3 0
14.5 5 9.5 4 0 3 1 5 7 2 6
14.5 5 9.5 0 5 3 1 6 4 7 2
14.0 7 7.0 1 5 3 0 6 4 7 2
14.5 4 10.5 6 5 3 1 0 7 2 4
14.5 8 6.5 1 5 3 6 0 7 2 4
14.5 8 6.5 1 5 3 4 0 7 2 6
14.5 5 9.5 4 5 1 3 6 7 2 0
14.5 7 7.5 1 5 3 6 4 7 0 2
14.5 7 7.5 4 5 3 2 1 6 7 0
14.5 7 7.5 4 5 0 3 1 6 7 2
14.5 8 6.5 0 5 3 4 1 6 7 2
14.5 4 10.5 4 0 5 1 6 7 2 3
14.5 4 10.5 4 0 3 1 7 5 2 6
14.5 5 9.5 5 7 3 1 6 0 2 4
14.5 5 9.5 5 3 0 1 6 7 2 4
14.5 7 7.5 1 0 5 3 6 7 2 4
14.5 5 9.5 5 7 3 1 4 0 2 6
14.5 5 9.5 5 3 0 1 4 7 2 6
14.5 7 7.5 1 0 5 3 4 7 2 6
14.5 7 7.5 4 5 3 1 2 0 6 7
14.5 7 7.5 2 4 3 1 6 5 7 0
14.5 7 7.5 1 4 0 3 6 5 7 2
14.5 8 6.5 1 4 3 2 6 5 0 7
14.5 8 6.5 1 5 3 4 6 0 7 2
14.5 4 10.5 0 4 5 3 6 7 2 1
14.0 7 7.0 1 4 5 3 6 7 2 0
14.5 4 10.5 0 4 5 1 6 7 3 2
14.0 6 8.0 1 4 5 0 6 7 3 2
14.5 5 9.5 4 3 1 0 6 5 7 2
14.5 5 9.5 4 5 0 1 7 2 3 6
14.5 5 9.5 4 5 3 1 7 2 6 0
14.5 8 6.5 1 5 2 3 6 0 7 4
14.5 8 6.5 1 5 2 3 4 7 6 0
14.5 8 6.5 1 5 2 3 4 0 7 6
14.5 8 6.5 4 5 1 0 2 6 3 7
14.5 5 9.5 4 5 2 3 0 6 7 1
14.0 7 7.0 4 5 2 3 1 6 7 0
14.5 8 6.5 1 5 3 2 6 4 7 0
14.5 8 6.5 4 0 3 1 2 5 6 7
14.5 7 7.5 1 4 5 2 6 7 3 0
14.5 9 5.5 1 0 2 3 4 5 7 6
15.0 4 11.0 4 5 3 2 6 7 0 1
15.0 4 11.0 4 0 3 1 6 7 5 2
15.0 5 10.0 4 5 0 1 6 3 7 2
15.0 6 9.0 4 0 3 1 5 6 7 2
15.0 8 7.0 0 5 3 1 2 6 7 4
14.5 10 4.5 1 5 3 0 2 6 7 4
15.0 5 10.0 4 5 7 3 6 0 2 1
15.0 4 11.0 6 5 3 4 0 7 2 1
14.5 6 8.5 6 5 3 4 1 7 2 0
15.0 5 10.0 4 5 7 1 6 0 3 2
15.0 9 6.0 1 5 3 7 4 6 0 2
15.0 9 6.0 1 5 3 4 0 6 7 2
15.0 4 11.0 4 5 2 1 6 7 0 3
15.0 7 8.0 4 5 3 6 1 7 0 2
15.0 5 10.0 0 5 1 4 6 7 3 2
15.0 7 8.0 4 0 5 3 1 7 2 6
15.0 8 7.0 5 0 3 4 1 7 2 6
15.0 4 11.0 4 7 5 3 6 0 2 1
15.0 5 10.0 5 7 3 4 6 0 2 1
15.0 5 10.0 5 3 0 4 6 7 2 1
15.0 4 11.0 4 7 5 1 6 0 3 2
15.0 5 10.0 4 3 7 1 6 5 0 2
15.0 6 9.0 5 3 0 1 4 6 7 2
15.0 8 7.0 2 5 3 1 4 6 0 7
15.0 8 7.0 1 5 7 3 4 6 0 2
15.0 8 7.0 1 0 5 3 4 6 7 2
15.0 9 6.0 1 5 3 2 4 0 6 7
15.0 8 7.0 1 5 2 3 6 7 4 0
15.0 8 7.0 4 0 5 1 2 6 3 7
15.0 5 10.0 4 0 2 3 6 5 7 1
15.0 6 9.0 0 4 3 1 5 7 2 6
14.5 8 6.5 1 4 3 0 5 7 2 6
15.0 7 8.0 6 5 3 0 1 7 2 4
15.0 8 7.0 1 5 3 6 4 0 7 2
15.0 5 10.0 0 4 5 1 6 7 2 3
15.0 5 10.0 0 4 3 1 7 5 2 6
14.5 7 7.5 1 4 3 0 7 5 2 6
15.0 6 9.0 5 7 3 1 6 2 0 4
15.0 6 9.0 5 7 3 1 0 6 2 4
15.0 6 9.0 5 3 1 0 6 7 2 4
15.0 6 9.0 5 7 3 1 4 2 0 6
15.0 6 9.0 5 7 3 1 0 4 2 6
15.0 6 9.0 5 3 1 0 4 7 2 6
15.0 6 9.0 4 3 1 2 6 5 7 0
15.0 7 8.0 0 3 1 4 6 5 7 2
15.0 6 9.0 4 5 1 0 7 2 3 6
15.0 9 6.0 1 5 2 3 0 6 7 4
15.0 9 6.0 1 5 2 3 0 4 7 6
15.0 6 9.0 0 5 2 3 4 6 7 1
15.0 8 7.0 4 5 2 3 1 6 0 7
15.0 9 6.0 0 4 3 1 2 5 6 7
14.5 11 3.5 1 4 3 0 2 5 6 7
15.0 10 5.0 1 2 0 3 4 5 7 6
15.0 11 4.0 1 5 3 4 2 6 7 0
15.0 10 5.0 1 0 3 2 4 5 6 7
15.0 10 5.0 1 4 3 7 0 5 2 6
15.5 8 7.5 1 5 3 2 6 7 0 4
15.5 8 7.5 1 5 3 2 4 7 0 6
15.5 5 10.5 4 5 2 1 6 7 3 0
15.5 9 6.5 4 5 3 7 1 6 0 2
15.5 9 6.5 1 5 3 2 0 6 7 4
15.5 6 9.5 4 5 7 1 6 0 2 3
15.5 9 6.5 1 5 7 3 6 0 2 4
15.5 9 6.5 1 5 7 3 4 0 2 6
15.5 5 10.5 6 4 3 1 0 5 7 2
15.5 9 6.5 1 4 3 7 6 5 0 2
15.5 9 6.5 1 4 3 6 0 5 7 2
15.5 9 6.5 1 4 3 2 0 5 7 6
15.5 5 10.5 4 5 3 2 6 7 1 0
15.5 5 10.5 4 5 0 3 6 7 1 2
15.5 6 9.5 0 5 3 4 6 7 1 2
15.5 7 8.5 4 5 2 3 1 7 0 6
15.5 7 8.5 4 5 0 3 2 6 7 1
15.5 8 7.5 0 5 3 4 2 6 7 1
15.5 6 9.5 4 2 5 3 6 7 0 1
15.5 7 8.5 5 2 3 4 6 7 0 1
15.5 8 7.5 2 5 3 0 4 6 7 1
15.5 9 6.5 1 5 0 2 4 6 3 7
15.5 6 9.5 0 5 1 4 6 7 2 3
15.5 5 10.5 4 5 2 0 6 7 1 3
15.5 5 10.5 4 5 1 2 6 7 0 3
15.5 6 9.5 4 7 3 1 5 0 2 6
15.5 6 9.5 4 3 0 1 5 7 2 6
15.5 6 9.5 5 0 3 1 6 4 7 2
15.5 8 7.5 2 5 3 1 6 4 7 0
15.5 8 7.5 1 5 0 3 6 4 7 2
15.5 8 7.5 4 5 3 2 1 6 0 7
15.5 8 7.5 4 5 7 3 1 6 0 2
15.5 8 7.5 4 0 5 3 1 6 7 2
15.5 9 6.5 5 0 3 4 1 6 7 2
15.5 11 4.5 2 5 3 4 1 6 7 0
15.5 5 10.5 4 7 5 1 6 0 2 3
15.5 5 10.5 4 3 0 1 7 5 2 6
15.5 8 7.5 1 7 5 3 6 0 2 4
15.5 8 7.5 1 7 5 3 4 0 2 6
15.5 8 7.5 4 5 3 1 0 2 6 7
15.5 8 7.5 2 4 3 1 6 5 0 7
15.5 8 7.5 1 4 7 3 6 5 0 2
15.5 8 7.5 1 0 4 3 6 5 7 2
15.5 9 6.5 1 4 3 2 6 0 5 7
15.5 9 6.5 1 0 3 4 6 5 7 2
15.5 6 9.5 3 4 5 0 6 7 2 1
15.5 8 7.5 1 4 5 0 6 7 2 3
15.5 8 7.5 1 4 5 3 6 7 0 2
15.5 7 8.5 2 4 5 1 6 7 3 0
15.5 7 8.5 1 4 0 5 6 7 3 2
15.0 8 7.0 1 4 3 5 6 7 0 2
15.5 6 9.5 4 0 5 1 7 2 3 6
15.5 9 6.5 1 0 2 3 6 5 7 4
15.5 9 6.5 4 5 1 7 2 6 3 0
15.5 8 7.5 4 5 2 0 1 6 7 3
15.5 9 6.5 1 5 3 2 6 4 0 7
15.5 9 6.5 4 3 0 1 2 5 6 7
15.5 5 10.5 4 5 3 2 6 0 7 1
15.5 5 10.5 0 4 3 1 6 7 5 2
15.0 7 8.0 1 4 3 0 6 7 5 2
15.5 6 9.5 4 5 1 0 6 3 7 2
15.5 7 8.5 0 4 3 1 5 6 7 2
15.0 9 6.0 1 4 3 0 5 6 7 2
15.5 6 9.5 4 5 7 3 6 2 0 1
15.5 6 9.5 4 5 7 3 0 6 2 1
15.5 6 9.5 4 5 7 1 0 6 3 2
15.5 10 5.5 1 5 3 7 4 6 2 0
15.5 5 10.5 4 5 2 1 6 0 7 3
15.5 8 7.5 4 5 3 6 1 0 7 2
15.5 8 7.5 0 4 5 3 1 7 2 6
15.5 5 10.5 4 7 5 3 6 2 0 1
15.5 5 10.5 4 7 5 3 0 6 2 1
15.0 7 8.0 4 7 5 3 1 6 2 0
15.5 6 9.5 5 7 3 4 6 2 0 1
15.5 6 9.5 5 7 3 4 0 6 2 1
15.0 8 7.0 5 7 3 4 1 6 2 0
15.5 6 9.5 5 3 2 4 6 7 0 1
15.5 5 10.5 4 7 5 1 0 6 3 2
15.5 6 9.5 4 3 7 1 6 5 2 0
15.5 7 8.5 5 3 1 0 4 6 7 2
15.5 9 6.5 1 5 7 3 4 6 2 0
15.5 10 5.5 1 5 3 2 0 4 6 7
15.5 9 6.5 0 4 5 1 2 6 3 7
15.0 11 4.0 1 4 5 0 2 6 3 7
15.5 6 9.5 4 2 0 3 6 5 7 1
15.5 6 9.5 0 4 2 3 6 5 7 1
15.5 9 6.5 1 4 3 6 5 7 2 0
15.5 9 6.5 1 5 3 6 0 4 7 2
15.5 8 7.5 1 4 3 6 7 5 2 0
15.5 7 8.5 5 7 0 1 6 2 3 4
15.5 9 6.5 5 7 3 0 1 6 2 4
15.5 7 8.5 5 3 1 4 6 7 2 0
15.5 7 8.5 5 7 0 1 4 2 3 6
15.5 7 8.5 5 7 3 1 4 2 6 0
15.5 9 6.5 5 7 3 0 1 4 2 6
15.5 9 6.5 4 5 1 7 0 2 3 6
15.5 9 6.5 4 5 0 3 1 6 2 7
15.5 12 3.5 1 4 3 7 2 5 6 0
15.5 11 4.5 1 2 3 0 4 5 7 6
15.5 7 8.5 6 4 3 1 2 5 7 0
15.5 11 4.5 1 4 3 6 2 5 7 0
15.5 9 6.5 1 4 3 5 6 7 2 0
15.5 9 6.5 1 4 3 5 6 0 7 2
15.5 8 7.5 1 4 3 2 6 7 5 0
15.5 10 5.5 1 4 3 2 5 6 7 0
15.5 8 7.5 4 5 7 1 2 6 3 0
15.5 8 7.5 4 7 5 0 1 6 2 3
15.5 7 8.5 4 7 5 1 2 6 3 0
15.5 11 4.5 1 5 3 6 2 4 7 0
15.5 10 5.5 1 4 3 6 0 5 2 7
16.0 8 8.0 4 5 0 1 2 6 7 3
16.0 6 10.0 4 6 3 1 0 5 7 2
16.0 6 10.0 0 5 3 1 7 4 2 6
15.5 8 7.5 1 5 3 0 7 4 2 6
16.0 7 9.0 5 2 3 1 6 7 0 4
16.0 7 9.0 5 2 3 1 4 7 0 6
16.0 9 7.0 0 5 3 6 1 7 2 4
16.0 9 7.0 4 5 3 0 2 6 1 7
16.0 9 7.0 4 0 3 1 2 6 5 7
16.0 6 10.0 4 5 1 3 6 7 0 2
16.0 6 10.0 4 5 1 6 0 7 3 2
16.0 9 7.0 4 5 7 3 1 0 2 6
16.0 6 10.0 4 3 5 1 6 7 0 2
16.0 6 10.0 5 6 3 1 4 0 7 2
16.0 6 10.0 4 5 2 3 0 7 1 6
16.0 6 10.0 4 5 1 2 0 7 3 6
16.0 5 11.0 6 5 3 1 7 0 2 4
16.0 9 7.0 1 5 3 6 7 0 2 4
16.0 9 7.0 1 5 3 4 7 0 2 6
16.0 6 10.0 5 3 2 1 6 7 0 4
16.0 8 8.0 0 1 5 3 6 7 2 4
16.0 10 6.0 1 2 5 3 6 7 0 4
16.0 6 10.0 5 3 2 1 4 7 0 6
16.0 8 8.0 0 1 5 3 4 7 2 6
16.0 10 6.0 1 2 5 3 4 7 0 6
16.0 10 6.0 0 5 3 1 2 4 6 7
15.5 12 3.5 1 5 3 0 2 4 6 7
16.0 8 8.0 2 4 3 0 6 5 7 1
16.0 10 6.0 1 4 2 3 6 5 7 0
16.0 9 7.0 1 4 0 2 6 5 3 7
16.0 9 7.0 1 4 5 3 0 7 2 6
16.0 6 10.0 4 5 3 0 7 2 6 1
16.0 10 6.0 0 5 1 4 2 6 3 7
16.0 8 8.0 1 4 5 2 6 7 0 3
16.0 10 6.0 0 1 2 3 4 5 7 6
16.0 5 11.0 4 7 3 1 6 0 5 2
16.0 5 11.0 4 3 0 1 6 7 5 2
16.0 6 10.0 4 5 7 1 6 3 0 2
16.0 6 10.0 4 0 5 1 6 3 7 2
16.0 7 9.0 4 3 0 1 5 6 7 2
16.0 9 7.0 5 0 3 1 2 6 7 4
16.0 11 5.0 1 5 0 3 2 6 7 4
16.0 7 9.0 6 5 3 4 1 7 0 2
16.0 10 6.0 1 5 3 7 4 0 6 2
16.0 6 10.0 5 0 1 4 6 7 3 2
16.0 8 8.0 2 5 1 4 6 7 3 0
16.0 8 8.0 4 7 5 3 1 0 2 6
16.0 9 7.0 5 7 3 4 1 0 2 6
16.0 9 7.0 5 3 0 4 1 7 2 6
16.0 6 10.0 5 3 4 0 6 7 2 1
16.0 5 11.0 4 7 5 1 6 3 0 2
16.0 6 10.0 4 3 7 1 6 0 5 2
16.0 7 9.0 5 3 7 1 4 6 0 2
16.0 9 7.0 2 5 3 1 4 0 6 7
16.0 9 7.0 1 5 7 3 4 0 6 2
16.0 9 7.0 1 4 0 3 5 7 2 6
16.0 9 7.0 1 0 3 6 4 5 7 2
16.0 6 10.0 7 4 3 1 0 5 2 6
16.0 8 8.0 1 4 0 3 7 5 2 6
16.0 7 9.0 5 7 3 1 6 2 4 0
16.0 7 9.0 0 7 3 1 5 6 2 4
15.5 9 6.5 1 7 3 0 5 6 2 4
16.0 7 9.0 0 7 3 1 5 4 2 6
15.5 9 6.5 1 7 3 0 5 4 2 6
16.0 7 9.0 5 3 1 6 4 7 2 0
16.0 7 9.0 4 3 1 2 6 5 0 7
16.0 10 6.0 2 3 1 4 6 5 7 0
16.0 7 9.0 4 5 1 6 7 2 3 0
16.0 7 9.0 5 0 2 3 4 6 7 1
16.0 9 7.0 4 5 2 3 1 0 6 7
16.0 12 4.0 1 4 0 3 2 5 6 7
16.0 11 5.0 1 2 7 3 4 5 0 6
16.0 12 4.0 1 5 3 4 2 6 0 7
16.0 11 5.0 1 3 0 2 4 5 6 7
16.0 11 5.0 1 4 3 7 5 0 2 6
16.0 9 7.0 1 5 3 2 6 0 7 4
16.0 9 7.0 1 5 3 2 4 7 6 0
16.0 9 7.0 1 5 3 2 4 0 7 6
16.0 10 6.0 4 5 3 7 1 6 2 0
16.0 7 9.0 4 5 7 1 6 2 0 3
16.0 7 9.0 4 5 7 1 0 6 2 3
16.0 10 6.0 1 5 7 3 6 2 0 4
16.0 10 6.0 1 5 7 3 0 6 2 4
16.0 10 6.0 1 5 7 3 4 2 0 6
16.0 10 6.0 1 5 7 3 0 4 2 6
16.0 8 8.0 6 4 3 0 1 5 7 2
16.0 10 6.0 1 4 3 7 6 5 2 0
16.0 8 8.0 4 5 2 3 1 7 6 0
16.0 8 8.0 4 5 2 3 1 0 7 6
16.0 9 7.0 2 5 3 4 0 6 7 1
16.0 7 9.0 4 2 5 3 6 7 1 0
16.0 7 9.0 4 2 5 3 6 0 7 1
16.0 8 8.0 5 2 3 4 6 7 1 0
16.0 8 8.0 5 2 3 4 6 0 7 1
16.0 10 6.0 1 5 2 0 4 6 3 7
16.0 6 10.0 4 5 1 2 6 0 7 3
16.0 7 9.0 4 7 3 1 5 2 0 6
16.0 7 9.0 4 3 1 0 5 7 2 6
16.0 9 7.0 4 5 0 2 1 6 3 7
16.0 9 7.0 4 5 7 3 1 6 2 0
16.0 9 7.0 0 4 5 3 1 6 7 2
16.0 6 10.0 4 7 5 1 6 2 0 3
16.0 6 10.0 4 7 5 1 0 6 2 3
16.0 6 10.0 4 3 1 0 7 5 2 6
16.0 9 7.0 1 7 5 3 6 2 0 4
16.0 9 7.0 1 7 5 3 0 6 2 4
16.0 9 7.0 1 7 5 3 4 2 0 6
16.0 9 7.0 1 7 5 3 0 4 2 6
16.0 9 7.0 0 5 3 1 4 2 6 7
15.5 11 4.5 1 5 3 0 4 2 6 7
16.0 11 5.0 4 5 3 0 1 2 6 7
16.0 9 7.0 1 4 7 3 6 5 2 0
16.0 10 6.0 1 0 3 2 6 4 5 7
16.0 10 6.0 1 4 3 2 0 6 5 7
16.0 7 9.0 3 4 5 1 6 7 2 0
16.0 9 7.0 1 4 5 3 6 0 7 2
16.0 7 9.0 0 4 5 1 7 2 3 6
15.5 9 6.5 1 4 5 0 7 2 3 6
16.0 10 6.0 1 2 0 3 6 5 7 4
16.0 10 6.0 4 3 1 0 2 5 6 7
16.0 6 10.0 4 5 3 2 0 6 7 1
16.0 7 9.0 4 5 1 2 6 3 7 0
16.0 7 9.0 4 5 7 3 6 2 1 0
16.0 6 10.0 4 5 2 1 0 6 7 3
16.0 6 10.0 4 7 5 3 6 2 1 0
16.0 7 9.0 5 7 3 4 6 2 1 0
16.0 7 9.0 5 3 2 4 6 7 1 0
16.0 7 9.0 5 3 2 4 6 0 7 1
16.0 8 8.0 4 7 5 0 1 6 3 2
16.0 8 8.0 5 3 1 2 4 6 7 0
16.0 12 4.0 1 4 5 7 2 6 3 0
16.0 7 9.0 4 2 3 0 6 5 7 1
16.0 8 8.0 5 7 1 0 6 2 3 4
16.0 8 8.0 5 0 7 1 6 2 3 4
16.0 8 8.0 5 7 1 0 4 2 3 6
16.0 8 8.0 5 0 7 1 4 2 3 6
16.0 10 6.0 4 5 3 0 1 6 2 7
16.0 10 6.0 1 4 3 5 0 6 7 2
16.0 8 8.0 4 6 3 1 2 5 7 0
16.0 11 5.0 1 5 3 7 0 4 2 6
16.0 8 8.0 4 5 1 6 2 7 3 0
16.0 10 6.0 2 0 3 1 4 5 6 7
16.0 10 6.0 1 7 3 4 5 6 2 0
16.0 9 7.0 4 5 1 6 0 2 3 7
16.0 10 6.0 4 0 2 3 1 5 6 7
16.0 10 6.0 1 0 3 2 4 5 7 6
16.0 9 7.0 4 0 2 3 1 5 7 6
16.0 10 6.0 1 7 0 3 4 2 5 6
16.0 12 4.0 1 4 5 7 0 2 3 6
16.0 12 4.0 1 4 3 5 2 6 7 0
16.5 11 5.5 1 5 2 3 4 6 7 0
16.5 6 10.5 7 5 3 1 6 0 2 4
16.5 6 10.5 7 5 3 1 4 0 2 6
16.5 6 10.5 4 5 0 1 7 3 2 6
16.5 7 9.5 5 6 3 1 0 7 2 4
16.5 9 7.5 1 5 4 3 6 7 2 0
16.5 9 7.5 1 5 6 3 4 7 2 0
16.5 7 9.5 4 5 3 6 0 7 1 2
16.5 8 8.5 1 5 0 4 6 7 3 2
16.5 9 7.5 4 5 3 7 2 6 0 1
16.5 7 9.5 4 3 2 1 6 5 7 0
16.5 7 9.5 4 3 5 1 6 0 7 2
16.5 9 7.5 2 5 3 1 0 6 7 4
16.5 11 5.5 1 5 3 0 4 6 2 7
16.5 11 5.5 1 0 3 2 4 6 5 7
16.5 7 9.5 4 5 1 6 0 7 2 3
16.5 7 9.5 4 5 3 0 7 2 1 6
16.5 7 9.5 4 0 3 1 7 2 5 6
16.5 10 6.5 1 0 2 3 4 7 5 6
16.5 7 9.5 0 5 2 3 6 7 1 4
16.5 7 9.5 4 5 0 3 6 2 7 1
16.5 7 9.5 0 5 2 3 6 4 7 1
16.5 7 9.5 0 5 1 2 6 7 3 4
16.5 6 10.5 6 5 3 1 0 4 7 2
16.5 10 6.5 1 5 3 7 6 4 0 2
16.5 7 9.5 4 5 1 3 0 7 2 6
16.5 7 9.5 4 7 3 1 0 5 2 6
16.5 8 8.5 5 3 7 1 6 0 2 4
16.5 8 8.5 5 3 7 1 4 0 2 6
16.5 10 6.5 4 5 0 1 2 3 6 7
16.5 9 7.5 2 4 3 1 0 5 7 6
16.5 5 11.5 6 4 5 3 0 7 2 1
16.0 7 9.0 6 4 5 3 1 7 2 0
16.5 5 11.5 6 4 5 1 0 7 3 2
16.5 9 7.5 1 4 5 6 0 7 3 2
16.5 10 6.5 0 5 2 3 1 6 7 4
16.5 10 6.5 1 5 3 2 0 4 7 6
16.5 9 7.5 1 4 5 2 0 7 3 6
16.5 5 11.5 4 5 0 2 6 7 3 1
16.5 5 11.5 6 5 3 4 7 0 2 1
16.5 8 8.5 4 5 0 6 1 7 3 2
16.5 9 7.5 2 5 0 1 4 6 3 7
16.5 9 7.5 0 1 5 3 4 6 7 2
16.5 8 8.5 6 5 0 3 1 7 2 4
16.5 8 8.5 0 3 1 5 6 7 2 4
16.5 8 8.5 0 3 1 5 4 7 2 6
16.5 8 8.5 3 0 1 4 6 5 7 2
16.5 8 8.5 0 5 1 4 7 2 3 6
16.5 10 6.5 0 5 2 3 1 4 7 6
16.5 10 6.5 2 4 3 1 0 5 6 7
16.5 11 5.5 0 1 3 2 4 5 6 7
16.5 11 5.5 0 4 3 7 1 5 2 6
16.5 9 7.5 1 5 3 2 6 7 4 0
16.5 10 6.5 4 5 3 7 1 0 6 2
16.5 10 6.5 1 0 7 3 4 5 2 6
16.5 6 10.5 6 4 3 1 5 0 7 2
16.5 10 6.5 1 4 3 7 6 0 5 2
16.5 10 6.5 1 4 3 6 5 0 7 2
16.5 10 6.5 1 4 3 2 5 0 7 6
16.5 12 4.5 1 4 3 0 2 5 7 6
16.5 6 10.5 4 0 5 3 6 7 1 2
16.5 7 9.5 5 0 3 4 6 7 1 2
16.5 9 7.5 2 5 3 4 6 7 1 0
16.5 8 8.5 4 5 7 3 2 6 0 1
16.5 8 8.5 4 0 5 3 2 6 7 1
16.5 9 7.5 5 0 3 4 2 6 7 1
16.5 10 6.5 1 0 5 2 4 6 3 7
16.5 7 9.5 5 0 1 4 6 7 2 3
16.5 7 9.5 5 3 0 1 6 4 7 2
16.5 9 7.5 2 5 3 1 6 4 0 7
16.5 9 7.5 1 5 7 3 6 4 0 2
16.5 9 7.5 1 0 5 3 6 4 7 2
16.5 9 7.5 4 5 3 2 1 0 6 7
16.5 9 7.5 4 5 7 3 1 0 6 2
16.5 10 6.5 5 3 0 4 1 6 7 2
16.5 12 4.5 2 5 3 4 1 6 0 7
16.5 9 7.5 2 4 3 1 6 0 5 7
16.5 9 7.5 1 4 7 3 6 0 5 2
16.5 9 7.5 1 5 4 3 6 0 7 2
16.5 10 6.5 1 3 0 4 6 5 7 2
16.5 8 8.5 1 0 4 5 6 7 3 2
16.5 10 6.5 1 5 3 2 6 0 4 7
16.5 6 10.5 4 0 3 2 6 5 7 1
16.5 8 8.5 2 4 3 1 6 7 5 0
16.5 10 6.5 2 4 3 1 5 6 7 0
16.5 10 6.5 1 4 0 3 5 6 7 2
16.5 6 10.5 4 0 2 1 6 5 7 3
16.5 9 7.5 4 0 3 6 1 5 7 2
16.5 10 6.5 3 4 5 0 1 7 2 6
16.5 6 10.5 4 7 0 3 6 2 5 1
16.5 8 8.5 4 7 5 3 1 6 0 2
16.5 7 9.5 0 7 3 4 5 6 2 1
16.5 9 7.5 5 7 3 4 1 6 0 2
16.5 8 8.5 4 3 7 1 0 5 2 6
16.5 12 4.5 1 4 0 5 2 6 3 7
16.5 7 9.5 4 2 7 3 6 5 0 1
16.5 10 6.5 4 5 1 7 2 0 3 6
16.5 10 6.5 4 0 5 3 1 6 2 7
16.5 12 4.5 1 2 3 6 4 5 7 0
16.5 8 8.5 6 4 3 1 2 5 0 7
16.5 12 4.5 1 4 3 6 2 5 0 7
16.5 11 5.5 1 4 3 2 5 6 0 7
16.5 12 4.5 1 5 3 0 2 4 7 6
16.5 12 4.5 1 5 3 6 2 4 0 7
16.5 11 5.5 1 4 3 6 5 0 2 7
16.5 9 7.5 4 5 1 0 2 6 7 3
16.5 7 9.5 0 6 3 1 4 5 7 2
16.0 9 7.0 1 6 3 0 4 5 7 2
16.5 9 7.5 4 6 3 0 1 5 7 2
16.5 9 7.5 1 5 3 6 7 4 2 0
16.5 8 8.5 5 2 3 1 6 0 7 4
16.5 8 8.5 5 2 3 1 4 7 6 0
16.5 8 8.5 5 2 3 1 4 0 7 6
16.5 10 6.5 0 4 3 1 2 6 5 7
16.0 12 4.0 1 4 3 0 2 6 5 7
16.5 7 9.5 4 5 1 3 6 0 7 2
16.5 10 6.5 4 5 7 3 1 2 0 6
16.5 7 9.5 4 3 5 1 6 7 2 0
16.5 7 9.5 5 6 3 1 0 4 7 2
16.5 7 9.5 0 5 2 3 4 7 1 6
16.5 7 9.5 0 5 1 2 4 7 3 6
16.5 6 10.5 6 5 3 1 7 2 0 4
16.5 10 6.5 1 5 3 6 7 2 0 4
16.5 10 6.5 1 5 3 4 7 2 0 6
16.5 7 9.5 5 3 2 1 6 0 7 4
16.5 11 5.5 1 2 5 3 6 0 7 4
16.5 7 9.5 5 3 2 1 4 7 6 0
16.5 7 9.5 5 3 2 1 4 0 7 6
16.5 11 5.5 1 2 5 3 4 0 7 6
16.5 11 5.5 1 2 5 3 4 7 6 0
16.5 13 3.5 1 5 3 7 2 4 6 0
16.5 10 6.5 1 4 2 0 6 5 3 7
16.5 9 7.5 4 5 3 7 0 2 6 1
16.5 9 7.5 1 4 5 2 6 0 7 3
16.5 6 10.5 4 7 3 1 0 6 5 2
16.5 6 10.5 4 3 1 0 6 7 5 2
16.5 7 9.5 4 5 7 1 6 3 2 0
16.5 7 9.5 0 4 5 1 6 3 7 2
16.0 9 7.0 1 4 5 0 6 3 7 2
16.5 8 8.5 4 3 1 0 5 6 7 2
16.5 8 8.5 6 5 3 4 1 0 7 2
16.5 11 5.5 1 5 3 7 0 4 6 2
16.5 7 9.5 5 1 0 4 6 7 3 2
16.0 8 8.0 5 1 3 4 6 7 0 2
16.5 9 7.5 4 7 5 3 1 2 0 6
16.5 10 6.5 5 7 3 4 1 2 0 6
16.5 7 9.5 5 3 4 1 6 7 2 0
16.5 6 10.5 4 7 5 1 6 3 2 0
16.5 7 9.5 4 3 7 1 0 6 5 2
16.5 8 8.5 5 3 7 1 4 6 2 0
16.5 10 6.5 1 5 7 3 0 4 6 2
16.5 10 6.5 1 4 2 3 5 7 0 6
16.5 9 7.5 1 4 2 3 7 5 0 6
16.5 8 8.5 5 2 0 3 4 6 7 1
16.5 12 4.5 1 2 7 3 4 5 6 0
16.5 12 4.5 1 3 2 0 4 5 6 7
16.5 12 4.5 1 4 3 7 5 2 0 6
16.5 8 8.5 4 5 7 1 6 2 3 0
16.5 10 6.5 4 5 7 0 1 6 2 3
16.5 11 5.5 1 5 7 3 4 2 6 0
16.5 8 8.5 4 2 5 3 0 6 7 1
16.0 10 6.0 4 2 5 3 1 6 7 0
16.5 9 7.5 5 2 3 4 0 6 7 1
16.0 11 5.0 5 2 3 4 1 6 7 0
16.5 7 9.5 4 5 1 2 0 6 7 3
16.5 8 8.5 4 7 0 1 5 2 3 6
16.5 8 8.5 4 7 3 1 5 2 6 0
16.5 9 7.5 0 3 1 4 5 7 2 6
16.5 10 6.5 4 5 2 0 1 6 3 7
16.5 10 6.5 1 4 5 3 0 6 7 2
16.5 7 9.5 4 7 5 1 6 2 3 0
16.5 9 7.5 4 3 1 7 0 5 2 6
16.5 8 8.5 0 3 1 4 7 5 2 6
16.5 10 6.5 1 7 5 3 4 2 6 0
16.5 12 4.5 1 5 3 7 4 2 6 0
16.5 10 6.5 1 4 5 6 7 2 3 0
16.5 11 5.5 1 2 3 0 6 5 7 4
16.0 12 4.0 1 2 3 4 6 5 7 0
16.5 12 4.5 0 3 1 4 2 5 6 7
16.5 7 9.5 0 5 3 2 4 6 7 1
16.5 8 8.5 4 5 7 0 6 2 1 3
16.5 7 9.5 0 5 2 1 4 6 7 3
16.5 7 9.5 4 7 5 0 6 2 1 3
16.5 8 8.5 5 7 3 0 6 2 1 4
16.5 8 8.5 5 3 2 4 0 6 7 1
16.0 10 6.0 5 3 2 4 1 6 7 0
16.5 9 7.5 0 2 3 4 6 5 7 1
16.5 8 8.5 4 2 3 1 6 5 7 0
16.5 11 5.5 4 2 0 3 1 5 6 7
16.5 11 5.5 0 4 2 3 1 5 6 7
16.5 10 6.5 4 2 0 3 1 5 7 6
16.5 10 6.5 0 4 2 3 1 5 7 6
16.5 11 5.5 1 0 7 3 4 2 5 6
16.5 11 5.5 1 7 3 0 4 2 5 6
16.5 7 9.5 7 0 3 1 4 5 2 6
16.5 8 8.5 6 5 3 1 2 4 7 0
16.5 8 8.5 6 4 5 0 1 7 2 3
16.5 7 9.5 6 4 5 1 2 7 3 0
16.5 11 5.5 1 4 5 6 2 7 3 0
16.5 10 6.5 4 0 3 2 1 5 6 7
16.5 10 6.5 1 6 3 2 4 5 7 0
16.5 11 5.5 1 5 3 6 0 4 2 7
16.5 9 7.5 5 6 3 1 2 4 7 0
16.5 8 8.5 4 7 3 1 2 6 5 0
16.5 10 6.5 1 4 5 2 6 3 7 0
16.5 9 7.5 6 0 3 4 1 5 7 2
16.5 9 7.5 5 1 3 4 6 7 2 0
16.5 9 7.5 5 1 3 4 6 0 7 2
16.5 10 6.5 4 7 0 3 1 2 5 6
16.5 9 7.5 4 3 7 1 2 6 5 0
16.5 12 4.5 1 5 7 3 2 4 6 0
16.5 10 6.5 0 2 3 4 5 6 7 1
16.0 13 3.0 1 2 3 4 5 6 7 0
