0 0 9.5 0 2 1 6 5 7 4 3
0 0 8.5 3 2 1 6 5 7 4 0
0 0 8.5 3 2 1 0 5 7 4 6
0 0 7.5 3 2 1 4 5 7 0 6
0 0 7.0 3 2 1 4 5 7 6 0
0 0 7.0 3 2 1 4 5 0 7 6
0 0 6.5 3 0 1 4 5 2 7 6
0 0 6.0 3 1 0 4 5 2 7 6
0 0 6.0 0 3 1 4 5 2 7 6
0 0 6.0 3 1 7 4 5 2 0 6
0 0 5.5 3 1 7 4 5 2 6 0
0 0 5.0 3 1 0 4 5 2 6 7
0 0 5.0 3 1 4 0 5 2 6 7
0 0 5.0 3 1 4 7 5 2 6 0
0 0 5.0 3 1 4 5 0 2 6 7
0 0 4.5 3 0 4 5 1 2 6 7
0 0 4.0 0 3 4 5 1 2 6 7
0 0 3.5 1 3 4 5 0 2 6 7
0 0 3.5 1 3 4 5 2 0 6 7
0 0 3.5 1 3 4 0 5 2 6 7
0 0 3.5 1 3 4 5 2 6 0 7
0 0 3.5 1 3 0 5 2 4 6 7
0 0 3.0 1 3 5 0 2 4 6 7
0 0 3.0 1 3 5 7 2 4 6 0
