0 0 10.0 4 7 3 1 0 5 6 2
0 0 7.5 4 7 3 0 1 5 6 2
0 0 7.0 0 7 3 4 1 5 6 2
0 0 5.0 2 7 3 4 1 5 6 0
0 0 5.5 2 7 3 0 1 5 6 4
0 0 5.5 2 7 3 4 1 5 0 6
0 0 4.5 2 0 3 4 1 5 7 6
0 0 4.5 2 3 0 4 1 5 7 6
0 0 4.5 0 2 3 4 1 5 7 6
0 0 4.0 1 2 3 4 0 5 7 6
0 0 4.0 1 2 3 4 5 0 7 6
0 0 4.0 1 0 3 4 2 5 7 6
0 0 4.0 1 2 3 4 6 5 7 0
0 0 4.0 1 3 0 4 2 5 7 6
0 0 4.0 1 2 3 4 6 5 0 7
0 0 4.0 1 3 7 4 2 5 0 6
0 0 3.5 1 3 7 4 2 5 6 0
0 0 3.0 1 3 0 4 2 5 6 7
0 0 3.0 1 3 4 0 2 5 6 7
0 0 3.0 1 0 3 4 2 5 6 7
0 0 3.0 1 3 4 7 2 5 6 0
0 0 3.0 1 2 3 4 0 5 6 7
0 0 3.0 1 2 3 4 5 0 6 7
0 0 3.0 1 2 3 4 5 6 0 7
0 0 3.0 1 2 3 4 5 6 7 0
