7 0 7 6 0 7 4 2 1 3 5
8 1 7 6 1 7 4 2 0 3 5
8 1 7 6 7 0 4 2 1 3 5
8 1 7 0 6 7 4 2 1 3 5
8 2 6 6 7 3 4 2 1 0 5
8 3 5 6 7 3 4 2 1 5 0
9 3 6 6 3 7 4 2 1 0 5
9 3 6 6 2 7 4 0 1 3 5
9 2 7 6 1 7 4 2 3 0 5
9 2 7 6 1 7 4 0 2 3 5
9 2 7 6 7 4 0 2 1 3 5
9 4 5 6 7 5 4 2 1 3 0
9 2 7 2 6 7 4 0 1 3 5
9 3 6 6 7 3 4 2 0 1 5
9 4 5 6 3 7 4 2 1 5 0
9 5 4 6 2 7 4 5 1 3 0
9 3 6 6 1 0 4 2 3 7 5
9 3 6 6 1 7 4 2 3 5 0
9 4 5 6 1 7 4 5 2 3 0
9 3 6 6 7 4 5 2 1 3 0
9 4 5 2 6 7 4 5 1 3 0
10 4 6 0 1 7 4 2 6 3 5
10 4 6 1 6 7 4 2 0 3 5
10 4 6 5 6 7 4 2 1 3 0
10 3 7 4 6 7 0 2 1 3 5
10 5 5 6 0 3 4 2 1 7 5
10 4 6 6 3 0 4 2 1 7 5
10 4 6 6 3 7 4 2 0 1 5
10 4 6 0 2 7 4 6 1 3 5
10 4 6 6 2 7 4 1 0 3 5
10 3 7 0 1 7 4 6 2 3 5
10 3 7 2 6 7 4 1 0 3 5
10 4 6 6 0 3 4 2 7 1 5
10 4 6 6 7 3 4 0 2 1 5
10 4 6 6 0 1 4 2 3 7 5
10 5 5 1 0 7 4 2 6 3 5
10 4 6 4 6 7 5 2 1 3 0
10 4 6 4 6 0 7 2 1 3 5
10 4 6 1 0 7 4 6 2 3 5
10 4 6 2 0 7 4 1 6 3 5
10 6 4 6 7 3 4 5 2 1 0
10 5 5 1 2 7 4 6 0 3 5
10 5 5 0 2 7 4 1 6 3 5
10 6 4 1 2 7 4 0 6 3 5
10 6 4 1 2 7 4 0 6 3 5
10 8 2 1 2 7 4 5 6 3 0
10 8 2 1 2 7 4 5 6 3 0
11 4 7 6 1 0 4 2 7 3 5
11 4 7 6 7 1 4 2 0 3 5
11 4 7 6 7 3 0 2 1 5 4
11 5 6 6 7 3 4 0 1 5 2
11 4 7 0 7 4 6 2 1 3 5
11 5 6 6 7 5 0 2 1 3 4
11 5 6 6 7 5 4 2 1 0 3
11 6 5 0 7 3 4 2 6 1 5
11 5 6 6 3 7 0 2 1 5 4
11 6 5 6 2 7 4 5 1 0 3
11 4 7 6 1 4 0 2 3 7 5
11 6 5 6 1 5 4 2 3 7 0
11 6 5 6 1 3 4 2 0 7 5
11 4 7 6 1 7 0 2 3 5 4
11 5 6 6 1 7 4 5 2 0 3
11 4 7 6 7 4 5 2 1 0 3
11 5 6 2 6 7 4 5 1 0 3
11 5 6 2 1 7 4 0 6 3 5
11 5 6 1 6 7 4 2 3 0 5
11 5 6 1 6 7 4 0 2 3 5
11 6 5 0 6 3 4 2 1 7 5
11 5 6 6 3 4 0 2 1 7 5
11 7 4 6 3 5 4 2 1 7 0
11 5 6 6 2 7 4 1 3 0 5
11 4 7 2 6 7 4 1 3 0 5
11 5 6 6 3 0 4 2 7 1 5
11 5 6 0 6 3 4 2 7 1 5
11 5 6 0 7 3 4 6 2 1 5
11 5 6 6 3 1 4 2 0 7 5
11 5 6 0 6 1 4 2 3 7 5
11 6 5 1 7 0 4 2 6 3 5
11 5 6 4 6 3 7 2 1 0 5
11 5 6 4 0 6 7 2 1 3 5
11 7 4 4 6 5 7 2 1 3 0
11 5 6 1 7 0 4 6 2 3 5
11 5 6 2 7 0 4 1 6 3 5
11 6 5 1 2 7 4 6 3 0 5
11 5 6 6 1 3 4 2 7 0 5
11 6 5 6 3 0 7 2 1 5 4
11 7 4 6 2 0 4 5 1 7 3
11 5 6 6 1 4 5 2 3 7 0
11 5 6 6 1 0 7 2 3 5 4
11 6 5 6 1 0 4 5 2 7 3
11 6 5 2 6 0 4 5 1 7 3
11 7 4 2 1 7 4 5 6 3 0
11 6 5 1 6 0 4 2 3 7 5
11 6 5 1 6 7 4 2 3 5 0
11 7 4 1 6 7 4 5 2 3 0
11 6 5 6 3 4 5 2 1 7 0
11 6 5 6 2 0 4 1 3 7 5
11 6 5 6 2 7 4 1 3 5 0
11 5 6 2 6 0 4 1 3 7 5
11 5 6 2 6 7 4 1 3 5 0
11 7 4 1 7 3 4 2 6 0 5
11 6 5 4 6 3 7 2 1 5 0
11 6 5 1 7 3 4 6 2 0 5
11 6 5 2 7 3 4 1 6 0 5
11 7 4 1 2 0 4 6 3 7 5
11 7 4 1 2 7 4 6 3 5 0
11 6 5 6 1 3 4 2 7 5 0
11 7 4 6 3 5 7 2 1 0 4
11 6 5 6 1 5 7 2 3 0 4
11 8 3 1 7 3 4 2 6 5 0
11 7 4 1 7 3 4 6 2 5 0
11 7 4 2 7 3 4 1 6 5 0
11 8 3 6 3 5 7 2 1 4 0
11 7 4 6 1 5 7 2 3 4 0
12 5 7 6 7 3 0 2 1 4 5
12 6 6 0 7 3 4 2 1 5 6
12 6 6 6 3 7 0 2 1 4 5
12 5 7 6 1 7 0 2 3 4 5
12 5 7 6 0 7 4 2 3 1 5
12 5 7 6 0 7 4 1 2 3 5
12 5 7 6 7 4 3 2 1 0 5
12 5 7 2 0 7 4 6 1 3 5
12 6 6 6 2 7 0 5 1 3 4
12 5 7 6 1 7 4 0 3 5 2
12 5 7 6 1 7 0 5 2 3 4
12 5 7 2 6 7 0 5 1 3 4
12 7 5 5 1 7 4 2 6 3 0
12 5 7 5 6 7 0 2 1 3 4
12 5 7 5 6 7 4 2 1 0 3
12 6 6 6 3 0 4 2 1 7 5
12 8 4 6 2 3 4 0 1 7 5
12 5 7 6 3 7 4 0 2 1 5
12 7 5 5 2 7 4 6 1 3 0
12 6 6 5 1 7 4 6 2 3 0
12 7 5 6 2 3 4 0 7 1 5
12 7 5 6 2 1 4 0 3 7 5
12 5 7 4 6 7 5 2 1 0 3
12 7 5 6 7 3 4 5 2 0 1
12 8 4 5 2 7 4 1 6 3 0
12 9 3 1 2 7 4 5 6 0 3
12 5 7 6 1 4 0 2 7 3 5
12 5 7 6 0 1 4 2 7 3 5
12 7 5 6 1 5 4 2 7 3 0
12 5 7 6 7 1 4 2 3 0 5
12 5 7 6 7 1 4 0 2 3 5
12 5 7 6 7 0 3 2 1 5 4
12 6 6 0 7 3 4 6 1 5 2
12 6 6 6 7 3 4 1 0 5 2
12 5 7 7 0 4 6 2 1 3 5
12 6 6 6 7 5 4 2 0 1 3
12 7 5 2 7 3 4 0 6 1 5
12 7 5 7 0 3 4 2 6 1 5
12 7 5 6 2 7 4 5 0 1 3
12 7 5 6 1 3 4 0 2 7 5
12 6 6 6 1 7 4 5 0 2 3
12 5 7 6 7 0 5 2 1 4 3
12 5 7 6 7 4 5 2 0 1 3
12 6 6 2 6 7 4 5 0 1 3
12 7 5 2 6 3 4 0 1 7 5
12 6 6 6 3 1 4 2 7 0 5
12 6 6 6 3 4 0 2 7 1 5
12 8 4 6 3 5 4 2 7 1 0
12 6 6 2 6 3 4 0 7 1 5
12 6 6 7 0 3 4 6 2 1 5
12 6 6 6 3 1 4 0 2 7 5
12 6 6 2 6 1 4 0 3 7 5
12 6 6 4 6 3 7 2 0 1 5
12 6 6 4 1 6 7 2 0 3 5
12 6 6 0 4 6 7 2 1 3 5
12 10 2 6 2 3 4 5 1 7 0
12 6 6 6 0 1 7 2 3 5 4
12 7 5 6 0 1 4 5 2 7 3
12 9 3 6 1 3 4 5 2 7 0
12 7 5 2 0 6 4 5 1 7 3
12 9 3 2 6 3 4 5 1 7 0
12 7 5 1 0 6 4 2 3 7 5
12 6 6 2 0 6 4 1 3 7 5
12 7 5 1 7 3 4 6 0 2 5
12 8 4 6 3 5 7 2 0 1 4
12 7 5 6 1 5 7 2 0 3 4
12 6 6 6 7 3 5 2 1 4 0
12 7 5 6 3 0 7 2 1 4 5
12 7 5 6 3 7 5 2 1 4 0
12 6 6 6 1 0 7 2 3 4 5
12 6 6 6 1 7 5 2 3 4 0
12 6 6 6 7 4 3 2 1 5 0
12 6 6 5 6 0 7 2 1 3 4
12 6 6 5 6 0 4 2 1 7 3
12 7 5 6 3 7 4 5 2 1 0
12 9 3 6 2 3 4 5 7 1 0
12 9 3 6 2 1 4 5 3 7 0
12 10 2 1 2 0 4 5 6 7 3
12 6 6 6 1 4 5 2 7 3 0
12 6 6 6 7 1 4 2 3 5 0
12 7 5 6 7 1 4 5 2 3 0
12 6 6 6 7 5 3 2 1 0 4
12 9 3 2 7 3 4 5 6 1 0
12 6 6 6 7 5 0 2 1 4 3
12 7 5 2 0 7 4 5 6 1 3
12 7 5 6 3 1 4 2 7 5 0
12 7 5 6 3 4 5 2 7 1 0
12 8 4 2 6 3 4 5 7 1 0
12 7 5 7 2 3 4 6 0 1 5
12 8 4 6 3 1 4 5 2 7 0
12 8 4 2 6 1 4 5 3 7 0
12 7 5 6 3 1 7 2 0 5 4
12 8 4 6 2 1 4 5 0 7 3
12 8 4 0 2 6 4 5 1 7 3
12 7 5 0 2 6 4 1 3 7 5
12 8 4 1 7 3 4 0 6 2 5
12 7 5 6 7 5 3 2 1 4 0
12 8 4 0 2 7 4 5 6 1 3
12 8 4 7 2 3 4 0 6 1 5
12 8 4 1 2 6 4 0 3 7 5
12 10 2 1 7 3 4 5 6 2 0
12 10 2 7 2 3 4 5 6 1 0
12 10 2 1 2 6 4 5 3 7 0
13 6 7 6 7 0 4 2 1 5 3
13 6 7 6 2 7 0 4 1 3 5
13 5 8 6 1 7 0 4 2 3 5
13 5 8 6 7 4 2 0 1 3 5
13 7 6 0 7 5 4 2 1 3 6
13 6 7 6 7 5 4 0 1 3 2
13 5 8 2 6 7 0 4 1 3 5
13 6 7 6 7 0 4 2 3 1 5
13 7 6 6 3 0 4 2 1 5 7
13 7 6 0 3 7 4 2 1 5 6
13 6 7 6 3 7 4 0 1 5 2
13 8 5 6 2 0 4 5 1 3 7
13 8 5 0 2 7 4 5 1 3 6
13 6 7 6 1 0 4 2 3 5 7
13 6 7 0 1 7 4 2 3 5 6
13 7 6 6 1 0 4 5 2 3 7
13 7 6 0 1 7 4 5 2 3 6
13 6 7 6 7 0 5 2 1 3 4
13 6 7 0 7 4 5 2 1 3 6
13 5 8 6 7 4 5 0 1 3 2
13 7 6 2 6 0 4 5 1 3 7
13 7 6 0 6 7 4 5 1 3 2
13 6 7 4 1 7 0 2 6 3 5
13 7 6 1 6 0 4 2 7 3 5
13 6 7 4 6 7 3 2 1 0 5
13 7 6 0 3 7 4 2 6 1 5
13 6 7 4 2 7 0 6 1 3 5
13 7 6 6 2 0 4 1 7 3 5
13 6 7 2 1 7 4 6 0 3 5
13 5 8 4 1 7 0 6 2 3 5
13 6 7 2 6 0 4 1 7 3 5
13 6 7 0 6 7 4 1 2 3 5
13 7 6 6 0 3 4 7 2 1 5
13 8 5 1 3 7 4 2 6 0 5
13 7 6 4 6 1 7 2 0 3 5
13 7 6 1 3 7 4 6 2 0 5
13 7 6 2 3 7 4 1 6 0 5
13 7 6 6 7 3 0 5 2 1 4
13 8 5 1 2 0 4 6 7 3 5
13 7 6 4 2 7 0 1 6 3 5
13 9 4 1 2 7 0 5 6 3 4
13 7 6 0 7 1 4 2 6 3 5
13 6 7 0 7 3 6 2 1 5 4
13 5 8 2 7 4 6 0 1 3 5
13 7 6 1 7 4 6 2 0 3 5
13 7 6 5 7 4 6 2 1 3 0
13 7 6 0 7 5 6 2 1 3 4
13 9 4 5 7 3 4 2 6 1 0
13 7 6 0 3 7 6 2 1 5 4
13 7 6 6 1 4 7 2 3 0 5
13 6 7 0 1 4 6 2 3 7 5
13 7 6 6 1 5 0 2 3 7 4
13 7 6 6 1 5 4 2 3 0 7
13 9 4 0 1 3 4 2 6 7 5
13 6 7 0 1 7 6 2 3 5 4
13 8 5 1 0 7 4 2 3 6 5
13 9 4 1 6 3 4 2 0 7 5
13 9 4 5 6 3 4 2 1 7 0
13 8 5 6 3 4 7 2 1 0 5
13 7 6 0 3 4 6 2 1 7 5
13 8 5 6 3 5 0 2 1 7 4
13 8 5 6 3 5 4 2 1 0 7
13 8 5 5 6 3 4 2 7 1 0
13 8 5 5 7 3 4 6 2 1 0
13 8 5 0 3 1 4 2 6 7 5
13 8 5 5 6 1 4 2 3 7 0
13 7 6 1 7 4 0 2 6 3 5
13 9 4 1 7 5 4 2 6 3 0
13 8 5 4 0 3 7 2 1 6 5
13 8 5 4 3 6 7 2 1 0 5
13 8 5 4 6 5 7 2 1 0 3
13 6 7 1 7 4 0 6 2 3 5
13 8 5 1 7 5 4 6 2 3 0
13 6 7 2 7 4 0 1 6 3 5
13 8 5 2 7 5 4 1 6 3 0
13 7 6 6 0 3 7 2 1 5 4
13 9 4 6 3 4 7 2 1 5 0
13 8 5 6 2 4 0 5 1 7 3
13 8 5 6 0 2 4 5 1 7 3
13 6 7 6 1 4 5 2 3 0 7
13 8 5 6 1 4 7 2 3 5 0
13 7 6 6 1 4 0 5 2 7 3
13 7 6 2 6 4 0 5 1 7 3
13 8 5 2 1 7 4 5 6 0 3
13 7 6 1 6 4 0 2 3 7 5
13 9 4 1 6 5 4 2 3 7 0
13 7 6 1 6 7 0 2 3 5 4
13 8 5 1 6 7 4 5 2 0 3
13 7 6 6 3 4 5 2 1 0 7
13 7 6 6 2 4 0 1 3 7 5
13 7 6 6 0 2 4 1 3 7 5
13 9 4 6 2 5 4 1 3 7 0
13 9 4 6 2 3 4 1 0 7 5
13 6 7 2 6 4 0 1 3 7 5
13 8 5 2 6 5 4 1 3 7 0
13 8 5 2 6 3 4 1 0 7 5
13 8 5 1 7 3 4 2 0 6 5
13 10 3 1 0 3 4 2 6 7 5
13 9 4 1 0 3 4 6 2 7 5
13 7 6 2 7 3 4 1 0 6 5
13 9 4 2 0 3 4 1 6 7 5
13 8 5 1 2 4 0 6 3 7 5
13 8 5 1 0 2 4 6 3 7 5
13 10 3 1 2 5 4 6 3 7 0
13 10 3 1 2 3 4 6 0 7 5
13 6 7 6 7 0 3 2 1 4 5
13 7 6 2 7 3 4 0 1 5 6
13 7 6 7 0 3 4 2 1 5 6
13 6 7 0 6 7 4 2 3 1 5
13 6 7 6 7 0 4 1 2 3 5
13 6 7 6 7 4 3 2 0 1 5
13 6 7 2 7 0 4 6 1 3 5
13 7 6 6 2 0 7 5 1 3 4
13 6 7 0 1 7 4 6 3 5 2
13 6 7 6 1 7 4 3 0 5 2
13 6 7 6 1 0 7 5 2 3 4
13 6 7 2 6 0 7 5 1 3 4
13 6 7 5 6 7 4 2 0 1 3
13 9 4 0 2 3 4 6 1 7 5
13 6 7 0 3 7 4 6 2 1 5
13 8 5 0 2 3 4 6 7 1 5
13 8 5 6 2 3 4 7 0 1 5
13 8 5 0 2 1 4 6 3 7 5
13 8 5 6 2 1 4 3 0 7 5
13 6 7 4 6 0 5 2 1 7 3
13 6 7 4 6 7 5 2 0 1 3
13 8 5 6 7 3 4 5 0 2 1
13 6 7 0 6 1 4 2 7 3 5
13 6 7 0 7 1 4 6 2 3 5
13 6 7 6 0 7 3 2 1 5 4
13 7 6 7 0 3 4 6 1 5 2
13 7 6 6 0 3 4 1 7 5 2
13 7 6 6 7 3 4 1 5 0 2
13 6 7 7 1 4 6 2 0 3 5
13 6 7 7 4 0 6 2 1 3 5
13 7 6 6 0 5 4 2 7 1 3
13 8 5 0 1 3 4 6 2 7 5
13 7 6 6 0 7 4 5 1 2 3
13 6 7 6 0 7 5 2 1 4 3
13 6 7 6 0 4 5 2 7 1 3
13 7 6 2 6 3 4 7 0 1 5
13 7 6 0 3 1 4 6 2 7 5
13 7 6 2 6 1 4 3 0 7 5
13 7 6 4 0 3 7 2 6 1 5
13 7 6 4 1 6 7 2 3 0 5
13 7 6 0 6 1 7 2 3 5 4
13 8 5 0 6 1 4 5 2 7 3
13 8 5 2 1 6 4 5 0 7 3
13 8 5 1 3 6 4 2 0 7 5
13 7 6 2 3 6 4 1 0 7 5
13 8 5 1 0 3 4 6 7 2 5
13 8 5 6 0 5 7 2 1 3 4
13 7 6 6 0 1 7 2 3 4 5
13 7 6 5 6 3 7 2 1 0 4
13 7 6 5 0 6 7 2 1 3 4
13 7 6 5 0 6 4 2 1 7 3
13 13 0 1 2 3 4 5 6 7 0
