7 0 7 5 0 6 7 4 3 2 1
7 1 6 5 3 6 7 4 0 2 1
7 2 5 5 3 6 7 0 4 2 1
8 1 7 5 6 0 7 4 3 2 1
8 1 7 0 5 6 7 4 3 2 1
8 2 6 5 3 6 7 4 2 0 1
8 3 5 0 3 6 7 5 4 2 1
8 4 4 5 3 6 7 1 4 2 0
8 3 5 5 3 0 7 4 2 6 1
8 3 5 5 3 6 7 4 2 1 0
9 2 7 5 6 2 7 4 3 0 1
9 2 7 4 5 6 7 0 3 2 1
9 4 5 1 5 6 7 4 3 2 0
9 6 3 1 3 6 7 5 4 2 0
9 3 6 5 6 2 7 4 3 1 0
10 3 7 5 2 6 7 4 3 0 1
10 3 7 5 4 6 7 0 3 2 1
10 4 6 5 3 0 7 4 6 2 1
10 4 6 0 3 6 7 4 5 2 1
10 2 8 5 6 7 0 4 3 2 1
10 4 6 5 6 1 7 4 3 2 0
10 4 6 3 0 6 7 5 4 2 1
10 5 5 5 3 6 7 1 4 0 2
10 4 6 5 3 7 0 4 2 6 1
10 4 6 5 0 3 7 4 2 6 1
10 6 4 5 3 1 7 4 2 6 0
10 3 7 5 6 2 7 4 0 3 1
10 3 7 4 5 6 7 3 0 2 1
10 4 6 4 5 6 7 1 3 2 0
10 4 6 5 2 0 7 4 3 6 1
10 4 6 5 2 6 7 4 3 1 0
10 3 7 5 6 7 1 4 3 2 0
10 6 4 5 3 0 7 1 4 6 2
10 5 5 5 3 7 1 4 2 6 0
10 4 6 5 6 2 7 0 4 3 1
11 5 6 5 0 6 7 3 4 2 1
11 5 6 5 3 6 0 7 4 2 1
11 4 7 5 6 3 7 4 0 2 1
11 4 7 3 5 6 7 4 0 2 1
11 3 8 7 5 6 0 4 3 2 1
11 5 6 7 3 6 0 5 4 2 1
11 5 6 5 3 6 0 1 4 2 7
11 6 5 5 3 2 7 4 0 6 1
11 4 7 5 3 6 0 4 2 1 7
11 5 6 5 3 6 7 0 2 1 4
11 5 6 5 0 2 7 4 3 6 1
11 5 6 1 5 6 7 4 3 0 2
11 7 4 1 3 6 7 5 4 0 2
11 4 7 5 2 6 7 4 0 3 1
11 4 7 0 4 6 7 5 3 2 1
11 4 7 5 4 6 7 3 0 2 1
11 5 6 5 4 6 7 1 3 2 0
11 5 6 5 3 2 7 4 6 0 1
11 5 6 5 0 3 7 4 6 2 1
11 5 6 4 3 6 7 0 5 2 1
11 7 4 1 3 6 7 4 5 2 0
11 5 6 3 6 0 7 5 4 2 1
11 5 6 5 2 3 7 4 0 6 1
11 5 6 0 5 3 7 4 2 6 1
11 4 7 5 0 2 7 4 6 3 1
11 4 7 4 0 6 7 3 5 2 1
11 4 7 4 5 6 7 3 2 0 1
11 5 6 0 6 2 7 5 4 3 1
11 6 5 5 6 2 7 1 4 3 0
11 6 5 5 3 6 1 7 4 2 0
11 5 6 5 6 3 7 0 4 2 1
11 5 6 3 5 6 7 0 4 2 1
11 4 7 7 5 6 1 4 3 2 0
11 6 5 7 3 6 1 5 4 2 0
11 7 4 5 3 2 7 0 4 6 1
11 6 5 5 3 6 7 2 0 1 4
11 6 5 1 5 0 7 4 3 6 2
11 8 3 1 3 0 7 5 4 6 2
11 5 6 5 2 6 7 0 4 3 1
11 6 5 5 3 2 7 4 6 1 0
11 6 5 5 2 3 7 4 6 0 1
11 6 5 5 2 3 7 0 4 6 1
11 5 6 5 2 0 7 4 6 3 1
11 5 6 4 5 0 7 3 2 6 1
11 5 6 4 5 6 7 3 2 1 0
11 7 4 1 0 5 7 4 3 6 2
11 7 4 5 2 3 7 4 6 1 0
11 6 5 4 0 5 7 3 2 6 1
11 8 3 1 3 5 7 4 0 6 2
11 9 2 1 3 5 7 0 4 6 2
11 11 0 1 3 5 7 2 4 6 0
