0 0 7 5 0 6 7 4 3 2 1
0 0 6 5 3 6 7 4 0 2 1
0 0 5 5 3 6 7 0 4 2 1
0 0 4 5 3 6 7 1 4 2 0
0 0 5 0 3 6 7 5 4 2 1
0 0 3 1 3 6 7 5 4 2 0
0 0 4 1 3 6 7 5 4 0 2
0 0 3 1 3 0 7 5 4 6 2
0 0 2 1 3 2 7 5 4 6 0
0 0 3 1 3 2 7 0 4 6 5
0 0 4 1 3 0 7 5 4 2 6
0 0 4 1 3 6 7 0 4 2 5
0 0 4 1 3 7 0 5 4 6 2
0 0 3 1 3 7 2 5 4 6 0
0 0 4 1 0 3 7 5 4 6 2
0 0 4 1 3 4 7 5 0 6 2
0 0 4 1 3 2 0 5 4 6 7
0 0 4 1 3 2 7 5 4 0 6
0 0 4 0 3 2 7 5 4 6 1
0 0 4 0 3 2 7 1 4 6 5
0 0 3 5 3 2 7 1 4 6 0
0 0 4 1 3 2 7 4 0 6 5
0 0 4 1 0 2 7 3 4 6 5
0 0 4 1 3 2 0 7 4 6 5
0 0 3 1 3 2 5 7 4 6 0
0 0 4 1 3 7 5 0 4 6 2
0 0 2 1 3 7 5 2 4 6 0
0 0 3 1 3 7 0 2 4 6 5
0 0 2 1 3 0 7 2 4 6 5
0 0 0 1 3 5 7 2 4 6 0
