0 0 10.0 5 0 6 7 4 3 2 1
0 0 8.5 5 3 6 7 4 0 2 1
0 0 8.0 5 3 6 7 4 2 0 1
0 0 7.5 5 3 6 7 4 2 1 0
0 0 6.0 5 3 6 7 0 2 1 4
0 0 6.0 5 3 6 7 2 0 1 4
0 0 5.5 5 3 6 7 2 1 0 4
0 0 5.5 5 3 0 7 2 1 6 4
0 0 5.5 5 3 6 7 2 1 4 0
0 0 5.5 5 0 6 7 2 1 3 4
0 0 5.0 5 1 6 7 2 0 3 4
0 0 5.0 5 1 6 7 2 3 0 4
0 0 5.0 5 1 6 7 0 2 3 4
0 0 4.5 5 0 6 7 1 2 3 4
0 0 4.5 5 6 0 7 1 2 3 4
0 0 4.5 0 5 6 7 1 2 3 4
0 0 4.0 1 5 6 7 0 2 3 4
0 0 4.0 1 5 6 7 2 0 3 4
0 0 4.0 1 5 6 7 2 3 0 4
0 0 4.0 1 5 0 7 2 3 6 4
0 0 4.0 1 5 6 7 2 3 4 0
0 0 4.0 1 5 7 0 2 3 6 4
0 0 4.0 1 0 5 7 2 3 6 4
0 0 3.5 1 3 5 7 2 0 6 4
0 0 3.5 1 3 5 7 2 6 0 4
0 0 3.5 1 3 5 7 0 2 6 4
0 0 3.5 1 3 5 7 2 6 4 0
0 0 3.5 1 3 5 0 2 6 4 7
0 0 3.5 1 3 5 4 2 6 0 7
0 0 3.5 1 3 0 4 2 6 5 7
0 0 3.5 1 3 5 4 2 6 7 0
0 0 3.5 1 3 5 4 2 0 6 7
0 0 3.0 1 3 0 4 2 5 6 7
0 0 3.0 1 3 4 0 2 5 6 7
0 0 3.0 1 0 3 4 2 5 6 7
0 0 3.0 1 3 4 7 2 5 6 0
0 0 3.0 1 2 3 4 0 5 6 7
0 0 3.0 1 2 3 4 5 0 6 7
0 0 3.0 1 2 3 4 5 6 0 7
0 0 3.0 1 2 3 4 5 6 7 0
