8.0 0 8.0 6 3 5 7 2 4 0 1
8.5 1 7.5 6 3 5 7 2 4 1 0
9.0 1 8.0 6 3 0 7 2 4 5 1
9.0 1 8.0 6 3 5 7 2 0 4 1
9.5 2 7.5 6 3 5 0 2 4 1 7
10.0 4 6.0 0 3 5 7 2 4 1 6
10.0 2 8.0 6 3 7 0 2 4 5 1
10.0 2 8.0 6 0 3 7 2 4 5 1
10.0 2 8.0 6 3 5 7 0 2 4 1
9.5 4 5.5 6 3 5 7 1 2 4 0
10.5 4 6.5 6 3 1 7 2 4 5 0
10.5 2 8.5 6 0 5 7 2 3 4 1
10.5 4 6.5 0 3 5 6 2 4 1 7
10.5 5 5.5 2 3 5 7 0 4 1 6
10.5 3 7.5 6 3 7 1 2 4 5 0
10.5 3 7.5 0 6 3 7 2 4 5 1
10.0 6 4.0 1 6 3 7 2 4 5 0
10.5 5 5.5 6 3 5 0 1 2 4 7
10.5 5 5.5 6 3 5 7 1 2 0 4
11.0 4 7.0 0 3 5 7 2 6 4 1
10.5 7 3.5 1 3 5 7 2 6 4 0
11.0 3 8.0 6 3 0 5 2 4 1 7
11.0 3 8.0 0 3 5 7 6 2 4 1
10.5 6 4.5 1 3 5 7 6 2 4 0
11.0 7 4.0 0 3 5 7 1 2 4 6
11.0 3 8.0 0 6 5 7 2 3 4 1
10.5 6 4.5 1 6 5 7 2 3 4 0
11.0 5 6.0 2 3 5 6 0 4 1 7
11.0 4 7.0 2 6 3 7 0 4 5 1
10.5 6 4.5 2 6 3 7 1 4 5 0
11.0 7 4.0 1 6 3 0 2 4 5 7
11.5 3 8.5 6 3 5 0 2 4 7 1
11.5 4 7.5 6 3 0 7 2 4 1 5
11.5 3 8.5 6 3 5 7 0 4 1 2
11.5 5 6.5 3 0 5 7 2 4 1 6
11.5 3 8.5 6 4 3 7 2 0 5 1
11.5 5 6.5 6 3 1 0 2 4 5 7
11.5 3 8.5 6 5 0 7 2 3 4 1
11.5 7 4.5 1 6 3 7 2 4 0 5
11.5 7 4.5 0 3 5 6 1 2 4 7
11.5 6 5.5 6 3 0 7 1 2 5 4
11.5 5 6.5 2 3 5 7 0 6 4 1
11.0 7 4.0 2 3 5 7 1 6 4 0
11.5 8 3.5 1 3 5 0 2 6 4 7
11.5 8 3.5 1 3 5 7 2 6 0 4
11.5 4 7.5 6 3 1 5 2 4 0 7
11.5 7 4.5 1 3 5 0 6 2 4 7
11.5 7 4.5 1 3 5 7 6 2 0 4
11.5 8 3.5 1 3 5 7 0 2 4 6
11.5 4 7.5 2 6 5 7 0 3 4 1
11.0 6 5.0 2 6 5 7 1 3 4 0
11.5 7 4.5 1 6 5 0 2 3 4 7
11.5 7 4.5 1 6 5 7 2 3 0 4
11.5 7 4.5 2 6 3 0 1 4 5 7
12.0 3 9.0 6 0 5 7 2 4 3 1
12.0 4 8.0 6 3 4 7 2 0 5 1
12.0 4 8.0 0 3 7 6 2 4 5 1
11.5 7 4.5 1 3 7 6 2 4 5 0
11.5 8 3.5 1 3 7 0 2 4 5 6
12.0 5 7.0 6 3 1 7 2 4 0 5
12.0 7 5.0 0 3 1 7 2 4 5 6
12.0 5 7.0 3 0 5 6 2 4 1 7
12.0 6 6.0 2 3 5 7 4 0 1 6
12.0 4 8.0 6 3 7 1 2 4 0 5
12.0 6 6.0 6 3 0 5 1 2 4 7
12.0 6 6.0 6 3 5 7 1 0 2 4
12.0 4 8.0 6 0 3 5 2 4 1 7
12.0 7 5.0 2 6 3 7 1 4 0 5
12.0 4 8.0 6 3 5 1 2 4 7 0
12.0 6 6.0 3 4 5 7 2 0 1 6
12.0 8 4.0 1 3 5 6 0 2 4 7
12.0 8 4.0 2 3 5 0 1 6 4 7
12.0 8 4.0 2 3 5 7 1 6 0 4
12.0 7 5.0 2 6 5 0 1 3 4 7
12.0 7 5.0 2 6 5 7 1 3 0 4
12.5 4 8.5 6 3 0 7 2 5 4 1
12.5 7 5.5 6 3 0 7 1 2 4 5
12.5 5 7.5 3 0 5 7 2 6 4 1
12.5 4 8.5 3 0 5 7 6 2 4 1
12.5 8 4.5 3 0 5 7 1 2 4 6
12.5 6 6.5 2 3 5 6 4 0 1 7
12.5 5 7.5 2 6 3 7 4 0 5 1
12.5 8 4.5 1 6 0 3 2 4 5 7
12.5 5 7.5 0 3 5 6 2 4 7 1
12.0 8 4.0 1 3 5 6 2 4 7 0
12.5 5 7.5 6 3 7 0 2 4 1 5
12.5 5 7.5 6 0 3 7 2 4 1 5
12.5 4 8.5 0 3 5 7 6 4 1 2
12.5 6 6.5 3 5 0 7 2 4 1 6
12.5 4 8.5 6 4 3 7 2 5 0 1
12.5 4 8.5 6 4 3 7 0 2 5 1
12.0 6 6.0 6 4 3 7 1 2 5 0
12.5 7 5.5 0 3 1 6 2 4 5 7
12.5 4 8.5 6 5 7 0 2 3 4 1
12.5 8 4.5 1 6 3 7 2 0 4 5
12.5 7 5.5 6 3 7 0 1 2 5 4
12.5 7 5.5 6 0 3 7 1 2 5 4
12.5 9 3.5 1 3 5 7 2 0 6 4
12.5 5 7.5 6 3 1 5 2 4 7 0
12.5 5 7.5 6 3 1 5 2 0 4 7
12.5 9 3.5 1 3 5 7 2 0 4 6
12.5 8 4.5 1 6 0 7 2 3 5 4
12.5 8 4.5 1 6 5 7 2 0 3 4
12.5 4 8.5 6 4 5 7 2 0 3 1
12.5 4 8.5 0 6 5 7 2 4 3 1
12.0 7 5.0 1 6 5 7 2 4 3 0
12.5 5 7.5 2 3 7 6 0 4 5 1
12.0 7 5.0 2 3 7 6 1 4 5 0
12.0 8 4.0 2 3 7 0 1 4 5 6
12.5 9 3.5 1 3 0 7 2 4 5 6
12.5 6 6.5 3 4 5 6 2 0 1 7
12.5 7 5.5 2 3 5 7 4 1 0 6
12.5 5 7.5 0 6 3 5 2 4 1 7
12.5 7 5.5 3 4 5 7 2 1 0 6
13.0 5 8.0 6 3 5 1 2 4 0 7
13.0 5 8.0 6 2 3 7 0 4 5 1
12.5 7 5.5 6 2 3 7 1 4 5 0
13.0 6 7.0 6 3 0 1 2 4 5 7
13.0 6 7.0 2 3 5 7 6 0 4 1
13.0 4 9.0 6 3 0 5 2 4 7 1
13.0 4 9.0 6 3 5 7 4 0 1 2
13.0 8 5.0 3 1 5 7 2 4 0 6
13.0 4 9.0 6 5 4 7 2 3 0 1
13.0 6 7.0 6 5 1 7 2 3 4 0
13.0 8 5.0 1 6 0 7 2 4 3 5
13.0 8 5.0 3 0 5 6 1 2 4 7
13.0 9 4.0 1 3 0 5 2 6 4 7
13.0 8 5.0 1 3 0 5 6 2 4 7
13.0 8 5.0 1 3 5 7 6 0 2 4
13.0 5 8.0 2 6 5 7 3 0 4 1
13.0 8 5.0 1 6 0 5 2 3 4 7
13.0 8 5.0 2 6 0 3 1 4 5 7
13.0 4 9.0 6 5 0 7 2 4 3 1
13.0 5 8.0 6 3 4 7 2 5 0 1
13.0 5 8.0 6 3 4 7 0 2 5 1
12.5 7 5.5 6 3 4 7 1 2 5 0
13.0 8 5.0 1 3 7 6 2 4 0 5
13.0 6 7.0 6 3 1 7 2 0 4 5
13.0 6 7.0 3 5 0 6 2 4 1 7
13.0 5 8.0 6 3 0 1 2 4 7 5
13.0 5 8.0 6 3 7 1 2 0 4 5
13.0 7 6.0 6 0 3 5 1 2 4 7
13.0 8 5.0 2 6 3 7 1 0 4 5
13.0 7 6.0 3 4 5 7 0 2 1 6
13.0 9 4.0 1 3 5 6 2 0 4 7
13.0 9 4.0 2 3 5 7 1 0 6 4
13.0 8 5.0 2 6 0 7 1 3 5 4
13.0 8 5.0 2 6 5 7 1 0 3 4
13.0 5 8.0 3 2 5 7 6 0 4 1
13.0 7 6.0 2 3 5 6 4 1 0 7
13.0 6 7.0 2 3 5 6 0 4 7 1
12.5 8 4.5 2 3 5 6 1 4 7 0
13.0 9 4.0 1 3 5 0 2 4 7 6
13.0 9 4.0 1 3 5 6 2 4 0 7
13.0 6 7.0 0 6 3 7 2 4 1 5
13.0 7 6.0 3 5 1 7 2 4 0 6
13.0 5 8.0 6 4 3 7 2 5 1 0
13.0 7 6.0 6 4 3 0 1 2 5 7
13.0 5 8.0 6 5 7 1 2 3 4 0
13.0 8 5.0 0 6 3 7 1 2 5 4
13.0 6 7.0 6 0 1 5 2 3 4 7
13.0 5 8.0 2 6 5 7 0 4 3 1
12.5 7 5.5 2 6 5 7 1 4 3 0
13.0 8 5.0 1 6 5 0 2 4 3 7
13.0 9 4.0 2 3 0 7 1 4 5 6
13.0 7 6.0 3 4 5 6 2 1 0 7
13.0 8 5.0 2 3 5 7 4 1 6 0
13.0 6 7.0 2 6 3 5 0 4 1 7
13.0 8 5.0 3 4 5 7 2 1 6 0
13.5 7 6.5 4 3 5 7 2 0 1 6
13.5 5 8.5 6 5 3 7 2 4 0 1
13.5 5 8.5 6 4 5 7 2 3 0 1
13.5 5 8.5 6 2 5 7 0 3 4 1
13.0 7 6.0 6 2 5 7 1 3 4 0
13.5 7 6.5 2 3 5 7 6 4 1 0
13.5 8 5.5 6 0 5 7 1 2 3 4
13.5 6 7.5 3 6 5 7 2 0 4 1
13.5 9 4.5 1 6 0 7 2 3 4 5
13.5 6 7.5 0 4 3 7 2 6 5 1
13.0 9 4.0 1 4 3 7 2 6 5 0
13.5 9 4.5 1 3 0 7 2 6 5 4
13.5 8 5.5 1 3 0 7 6 2 5 4
13.5 5 8.5 6 0 4 7 2 3 5 1
13.5 5 8.5 3 0 7 6 2 4 5 1
13.5 8 5.5 2 3 1 7 0 4 5 6
13.5 8 5.5 3 0 1 7 2 4 5 6
13.5 8 5.5 3 1 5 6 2 4 0 7
13.5 7 6.5 6 3 4 5 1 2 0 7
13.5 7 6.5 6 0 5 7 1 3 2 4
13.5 7 6.5 6 3 5 7 0 1 2 4
13.5 5 8.5 6 4 3 5 2 0 1 7
13.5 7 6.5 6 1 3 5 2 4 0 7
13.5 8 5.5 2 6 0 7 1 4 3 5
13.5 9 4.5 2 3 0 5 1 6 4 7
13.5 8 5.5 2 6 0 5 1 3 4 7
13.5 5 8.5 6 3 7 0 2 5 4 1
13.5 5 8.5 6 0 3 7 2 5 4 1
13.5 8 5.5 6 3 7 0 1 2 4 5
13.5 8 5.5 6 0 3 7 1 2 4 5
13.5 6 7.5 3 5 0 7 2 6 4 1
13.5 5 8.5 3 5 0 7 6 2 4 1
13.5 9 4.5 3 5 0 7 1 2 4 6
13.5 6 7.5 2 0 3 7 4 6 5 1
13.5 6 7.5 2 6 3 7 4 5 0 1
13.5 9 4.5 1 0 6 3 2 4 5 7
13.5 7 6.5 3 5 7 0 2 4 1 6
13.5 5 8.5 0 4 3 7 6 2 5 1
13.0 8 5.0 1 4 3 7 6 2 5 0
13.5 7 6.5 6 4 3 7 1 2 0 5
13.5 9 4.5 0 4 3 7 1 2 5 6
13.5 9 4.5 1 0 3 7 2 6 4 5
13.5 9 4.5 1 6 3 7 0 2 4 5
13.5 10 3.5 1 3 5 7 0 2 6 4
13.5 6 7.5 6 3 1 0 2 4 7 5
13.5 6 7.5 6 3 1 5 0 2 4 7
13.5 8 5.5 0 3 1 5 2 6 4 7
13.5 10 3.5 1 3 5 7 2 4 0 6
13.5 9 4.5 1 6 7 0 2 3 5 4
13.5 9 4.5 1 0 6 7 2 3 5 4
13.5 9 4.5 1 0 5 7 2 6 3 4
13.5 9 4.5 1 6 5 7 0 2 3 4
13.5 5 8.5 6 4 5 7 0 2 3 1
13.0 7 6.0 6 4 5 7 1 2 3 0
13.5 8 5.5 1 6 5 7 2 4 0 3
13.5 8 5.5 2 3 7 6 1 4 0 5
13.5 10 3.5 1 0 3 7 2 4 5 6
13.5 7 6.5 3 4 5 6 0 2 1 7
13.5 8 5.5 2 3 0 7 4 1 5 6
13.5 8 5.5 3 4 0 7 2 1 5 6
13.5 8 5.5 6 2 3 0 1 4 5 7
13.5 5 8.5 6 3 5 7 4 1 0 2
13.5 9 4.5 3 1 5 7 2 4 6 0
13.5 5 8.5 6 5 4 7 2 3 1 0
13.5 10 3.5 1 3 4 5 2 6 0 7
13.5 9 4.5 1 3 4 5 6 2 0 7
13.5 9 4.5 1 3 5 7 0 6 2 4
13.5 6 7.5 6 3 4 7 2 5 1 0
13.5 8 5.5 6 3 4 0 1 2 5 7
13.5 7 6.5 6 0 1 7 2 3 4 5
13.5 7 6.5 3 5 1 6 2 4 0 7
13.5 7 6.5 3 5 6 0 2 4 1 7
13.5 6 7.5 6 0 7 1 2 3 4 5
13.5 8 5.5 0 6 3 5 1 2 4 7
13.5 6 7.5 3 2 5 7 0 6 4 1
13.0 8 5.0 3 2 5 7 1 6 4 0
13.5 9 4.5 2 3 5 0 1 4 7 6
13.5 9 4.5 2 3 5 6 1 4 0 7
13.5 7 6.5 2 6 3 7 0 4 1 5
13.5 8 5.5 3 5 1 7 2 4 6 0
13.5 9 4.5 1 6 3 7 0 2 5 4
13.5 7 6.5 6 1 0 5 2 3 4 7
13.5 7 6.5 0 6 1 5 2 3 4 7
13.5 8 5.5 2 6 5 0 1 4 3 7
13.5 7 6.5 0 3 1 5 6 2 4 7
14.0 6 8.0 7 3 5 0 2 4 1 6
14.0 5 9.0 6 3 7 5 2 4 0 1
14.0 7 7.0 4 3 5 6 2 0 1 7
14.0 6 8.0 4 6 3 7 2 0 5 1
14.0 8 6.0 1 6 3 7 0 4 5 2
14.0 8 6.0 6 3 5 0 1 2 7 4
14.0 6 8.0 6 3 4 5 2 0 1 7
14.0 10 4.0 2 3 5 7 1 0 4 6
14.0 10 4.0 1 0 3 7 2 4 6 5
14.0 9 5.0 2 6 0 7 1 3 4 5
14.0 10 4.0 1 0 5 7 2 3 6 4
14.0 7 7.0 0 3 4 7 2 6 5 1
14.0 10 4.0 1 3 0 6 2 4 5 7
14.0 9 5.0 2 3 0 7 1 6 5 4
14.0 7 7.0 6 3 1 7 2 5 4 0
14.0 8 6.0 6 3 4 7 1 2 0 5
14.0 9 5.0 3 2 5 7 1 0 4 6
14.0 6 8.0 3 0 5 6 2 4 7 1
14.0 6 8.0 6 4 3 7 2 0 1 5
14.0 8 6.0 6 1 3 7 2 4 0 5
14.0 5 9.0 3 0 5 7 6 4 1 2
13.5 6 7.5 3 4 5 7 6 0 1 2
14.0 5 9.0 6 4 0 7 2 5 3 1
14.0 8 6.0 2 3 1 6 0 4 5 7
14.0 8 6.0 3 0 1 6 2 4 5 7
14.0 8 6.0 6 3 7 4 1 2 5 0
14.0 8 6.0 6 2 3 7 1 0 5 4
14.0 8 6.0 0 3 1 5 2 4 7 6
14.0 10 4.0 1 0 5 7 2 3 4 6
14.0 6 8.0 2 3 7 6 4 0 5 1
14.0 7 7.0 5 6 3 0 2 4 1 7
14.0 6 8.0 6 3 5 1 2 0 4 7
14.0 6 8.0 0 2 3 7 6 4 5 1
13.5 9 4.5 1 2 3 7 6 4 5 0
14.0 8 6.0 6 2 3 7 1 4 0 5
14.0 10 4.0 0 2 3 7 1 4 5 6
14.0 7 7.0 6 0 3 1 2 4 5 7
14.0 7 7.0 2 3 5 7 6 4 0 1
14.0 5 9.0 6 0 3 5 2 4 7 1
14.0 9 5.0 3 1 0 7 2 4 5 6
14.0 9 5.0 3 1 5 7 2 0 4 6
14.0 5 9.0 6 5 4 7 2 0 3 1
14.0 7 7.0 6 5 1 0 2 3 4 7
14.0 7 7.0 6 5 1 7 2 3 0 4
14.0 9 5.0 1 6 7 0 2 4 3 5
14.0 9 5.0 1 0 6 7 2 4 3 5
14.0 9 5.0 3 5 0 6 1 2 4 7
14.0 10 4.0 1 0 3 5 2 6 4 7
14.0 9 5.0 1 0 3 5 6 2 4 7
14.0 6 8.0 2 0 5 7 3 6 4 1
14.0 6 8.0 2 6 5 7 3 4 0 1
14.0 9 5.0 1 0 6 5 2 3 4 7
14.0 9 5.0 2 0 6 3 1 4 5 7
14.0 5 9.0 6 5 7 0 2 4 3 1
14.0 6 8.0 0 3 4 7 6 2 5 1
14.0 10 4.0 0 3 4 7 1 2 5 6
14.0 9 5.0 1 3 0 6 2 4 7 5
14.0 9 5.0 1 3 7 6 2 0 4 5
14.0 7 7.0 6 3 1 7 0 2 4 5
14.0 6 8.0 6 0 3 1 2 4 7 5
14.0 6 8.0 6 3 7 1 0 2 4 5
14.0 9 5.0 2 0 3 7 1 6 4 5
14.0 9 5.0 2 6 7 0 1 3 5 4
14.0 9 5.0 2 0 6 7 1 3 5 4
14.0 9 5.0 2 0 5 7 1 6 3 4
14.0 6 8.0 3 2 5 7 6 4 0 1
14.0 8 6.0 2 3 0 6 4 1 5 7
14.0 8 6.0 2 3 5 6 4 1 7 0
14.0 8 6.0 3 5 1 7 2 0 4 6
14.0 6 8.0 6 4 3 0 2 5 1 7
14.0 9 5.0 0 4 3 6 1 2 5 7
14.0 6 8.0 6 5 7 1 2 3 0 4
14.0 8 6.0 2 6 5 7 1 4 0 3
14.0 10 4.0 2 3 5 7 1 4 0 6
14.0 10 4.0 2 0 3 7 1 4 5 6
14.0 8 6.0 3 4 0 6 2 1 5 7
14.0 8 6.0 3 4 5 6 2 1 7 0
14.0 9 5.0 2 3 5 0 4 1 6 7
14.0 9 5.0 3 4 5 0 2 1 6 7
14.0 8 6.0 4 3 5 7 2 1 0 6
14.0 6 8.0 6 5 3 7 2 4 1 0
14.0 6 8.0 6 4 5 7 2 3 1 0
14.0 8 6.0 6 2 5 0 1 3 4 7
14.0 8 6.0 6 2 5 7 1 3 0 4
14.0 9 5.0 0 6 5 7 1 2 3 4
14.0 7 7.0 2 4 3 7 0 6 5 1
13.5 9 4.5 2 4 3 7 1 6 5 0
14.0 10 4.0 1 4 3 0 2 6 5 7
14.0 6 8.0 0 6 4 7 2 3 5 1
14.0 6 8.0 3 4 7 6 2 0 5 1
14.0 8 6.0 0 6 5 7 1 3 2 4
14.0 6 8.0 6 4 3 5 2 1 0 7
14.0 10 4.0 2 3 4 5 1 6 0 7
14.0 6 8.0 6 3 7 1 2 5 4 0
14.0 6 8.0 0 6 3 7 2 5 4 1
13.5 9 4.5 1 6 3 7 2 5 4 0
14.0 9 5.0 0 6 3 7 1 2 4 5
14.0 7 7.0 3 5 4 7 2 6 0 1
14.0 6 8.0 3 5 4 7 6 2 0 1
14.0 7 7.0 2 6 3 7 4 5 1 0
14.0 9 5.0 1 4 3 0 6 2 5 7
14.0 10 4.0 1 4 3 7 0 2 5 6
14.0 8 6.0 6 4 0 7 1 2 3 5
14.0 11 3.0 1 3 5 7 2 4 6 0
