0 0 11.5 7 3 0 5 6 4 2 1
0 0 10.0 7 3 1 5 6 4 2 0
0 0 7.5 0 3 1 5 6 4 2 7
0 0 8.0 3 0 1 5 6 4 2 7
0 0 7.5 3 4 1 5 6 0 2 7
0 0 7.0 3 4 1 5 6 2 0 7
0 0 7.0 3 4 1 5 0 6 2 7
0 0 7.0 3 4 0 5 6 1 2 7
0 0 6.5 3 4 5 0 6 1 2 7
0 0 6.0 3 4 5 6 0 1 2 7
0 0 5.5 3 4 5 6 1 0 2 7
0 0 5.0 3 4 5 6 1 2 0 7
0 0 4.0 3 4 5 0 1 2 6 7
0 0 4.0 3 4 5 7 1 2 6 0
0 0 4.5 3 4 0 5 1 2 6 7
0 0 4.5 3 4 5 7 1 2 0 6
0 0 4.5 3 0 4 5 1 2 6 7
0 0 4.0 0 3 4 5 1 2 6 7
0 0 3.5 1 3 4 5 0 2 6 7
0 0 3.5 1 3 4 5 2 0 6 7
0 0 3.5 1 3 4 0 5 2 6 7
0 0 3.5 1 3 4 5 2 6 0 7
0 0 3.5 1 3 0 5 2 4 6 7
0 0 3.0 1 3 5 0 2 4 6 7
0 0 3.0 1 3 5 7 2 4 6 0
